Na2SO4.10H2O 100K NIR reflectance spectra from Dalton (2005)
Digitized 2/28/2021 by Ryleigh Davis
Wavelength (um)          Reflectance (assumed offset of 0.1)
7.271794871794872162e-01 8.218929652947251085e-01
7.381196581196581841e-01 8.208976751498749946e-01
7.353846153846154143e-01 8.196253078951031279e-01
7.490598290598291520e-01 8.182071105824777479e-01
7.600000000000000089e-01 8.167743302640668723e-01
7.709401709401709768e-01 8.154582139919408501e-01
7.818803418803419447e-01 8.145978166506050444e-01
7.928205128205128016e-01 8.142077212458468383e-01
8.037606837606838805e-01 8.139962676619593163e-01
8.010256410256411108e-01 8.145613591361416939e-01
8.147008547008547374e-01 8.149587460437923703e-01
8.256410256410255943e-01 8.153962362173530209e-01
8.365811965811966733e-01 8.148603107547413016e-01
8.475213675213675302e-01 8.139853304076203333e-01
8.447863247863247604e-01 8.129535827483066468e-01
8.584615384615384981e-01 8.111562272852619326e-01
8.557264957264958394e-01 8.092422077759344745e-01
8.694017094017094660e-01 8.071823582087536142e-01
8.666666666666666963e-01 8.050787596242166000e-01
8.803418803418803229e-01 8.039485766758517338e-01
8.803418803418803229e-01 8.022350734960729257e-01
8.912820512820512908e-01 8.013783219061835217e-01
9.022222222222222587e-01 8.012252003454372051e-01
9.131623931623931156e-01 8.016061813715796847e-01
9.104273504273504569e-01 8.020527859237559509e-01
9.241025641025641946e-01 8.022441878746887634e-01
9.350427350427350515e-01 8.013904744110045275e-01
9.405128205128205909e-01 7.993859187407597044e-01
9.514529914529914478e-01 7.965622842455709618e-01
9.578347578347579105e-01 7.937872597696666865e-01
9.678632478632478442e-01 7.899889943878235510e-01
9.678632478632478442e-01 7.861846527535698570e-01
9.788034188034189231e-01 7.827169355028614772e-01
9.760683760683761534e-01 7.784064420428077336e-01
9.842735042735042406e-01 7.745492370125823811e-01
9.906552706552707033e-01 7.691960586388760790e-01
9.979487179487178672e-01 7.655551681944665621e-01
1.000683760683760637e+00 7.615922363722972266e-01
1.012535612535612639e+00 7.594582565257075313e-01
1.008888888888888946e+00 7.595323868051164773e-01
1.022564102564102573e+00 7.632182415173640599e-01
1.019829059829059803e+00 7.658529045625843690e-01
1.028034188034188112e+00 7.713555587455904750e-01
1.033504273504273430e+00 7.745674657698142784e-01
1.038974358974358969e+00 7.792923596442683509e-01
1.036239316239316199e+00 7.819756327087729053e-01
1.045356125356125432e+00 7.859786677968521040e-01
1.041709401709401739e+00 7.889134977111540437e-01
1.055384615384615365e+00 7.917808812236989402e-01
1.052649572649572596e+00 7.948998215860409999e-01
1.066324786324786222e+00 7.979622528009648885e-01
1.077264957264957301e+00 7.980351678298915896e-01
1.082735042735042619e+00 7.986585913272152837e-01
1.093675213675213698e+00 7.963654136674687134e-01
1.099145299145299237e+00 7.953081457480308814e-01
1.110085470085470094e+00 7.924170648510846515e-01
1.107350427350427324e+00 7.905249198504352703e-01
1.121025641025640951e+00 7.886911068729273167e-01
1.131965811965812030e+00 7.862265788952027545e-01
1.131965811965812030e+00 7.823912483736552570e-01
1.140170940170940117e+00 7.793233485315617104e-01
1.142905982905982887e+00 7.759127480535126242e-01
1.142905982905982887e+00 7.716782077485909719e-01
1.148376068376068426e+00 7.673507007817877978e-01
1.151111111111111196e+00 7.624362278321243913e-01
1.153846153846153744e+00 7.553142523817032439e-01
1.153846153846153744e+00 7.513166859207935921e-01
1.153846153846153744e+00 7.471040201245499057e-01
1.159316239316239283e+00 7.423864177529885255e-01
1.159316239316239283e+00 7.363344703520675605e-01
1.162051282051282053e+00 7.300874752487676034e-01
1.165698005698005524e+00 7.257690826605801560e-01
1.164786324786324823e+00 7.209001816039959376e-01
1.170256410256410140e+00 7.155919674981277012e-01
1.170256410256410140e+00 7.096712671492748647e-01
1.172991452991452910e+00 7.030123021325385135e-01
1.176638176638176603e+00 6.993045729116129650e-01
1.172991452991452910e+00 6.942989561757908490e-01
1.181196581196581219e+00 6.872061467369403598e-01
1.181196581196581219e+00 6.820054822987392518e-01
1.181196581196581219e+00 6.751387094495617802e-01
1.186666666666666536e+00 6.726650670932212694e-01
1.186666666666666536e+00 6.681844385656720009e-01
1.189401709401709306e+00 6.650418008189287189e-01
1.192136752136752076e+00 6.625225865695092420e-01
1.194871794871794846e+00 6.600143095744287480e-01
1.197606837606837615e+00 6.561352300355252076e-01
1.200341880341880385e+00 6.519316786178973588e-01
1.208547008547008472e+00 6.460711331679092062e-01
1.208547008547008472e+00 6.429740673142451124e-01
1.214017094017094012e+00 6.401072914269412273e-01
1.219487179487179551e+00 6.385736453185152373e-01
1.224957264957264869e+00 6.374416394944273367e-01
1.231339031339031331e+00 6.409020652422430242e-01
1.241367521367521265e+00 6.429904731957537534e-01
1.238632478632478495e+00 6.463500331535543264e-01
1.246837606837606804e+00 6.514929731938551294e-01
1.253219373219373045e+00 6.553987882433651713e-01
1.249572649572649574e+00 6.603278441988139624e-01
1.257777777777777661e+00 6.634631904426647742e-01
1.263247863247863201e+00 6.673750817445853745e-01
1.260512820512820431e+00 6.705128584894002319e-01
1.268717948717948740e+00 6.766134159096058864e-01
1.265982905982905971e+00 6.831393109985507417e-01
1.275099715099714981e+00 6.879140301427713045e-01
1.280569800569800520e+00 6.936609496726819923e-01
1.290598290598290454e+00 7.001661855034311266e-01
1.287863247863247906e+00 7.032699352347469013e-01
1.301538461538461533e+00 7.060528588387847693e-01
1.307920227920227774e+00 7.040871911839674535e-01
1.315213675213675160e+00 6.998514356285637783e-01
1.317948717948717929e+00 6.962002155550561788e-01
1.323418803418803469e+00 6.928345793448451584e-01
1.323418803418803469e+00 6.877858212169081220e-01
1.328888888888888786e+00 6.830518129638381009e-01
1.331623931623931556e+00 6.773954295948447779e-01
1.334358974358974326e+00 6.719067507923830451e-01
1.334358974358974326e+00 6.663840449764222296e-01
1.339829059829059865e+00 6.604736742566671426e-01
1.339829059829059865e+00 6.546732837055434517e-01
1.346210826210826106e+00 6.484341877303771984e-01
1.356239316239316262e+00 6.450521456386577590e-01
1.356239316239316262e+00 6.415923275160829720e-01
1.367179487179487118e+00 6.392505398370518233e-01
1.364444444444444349e+00 6.373705473412234479e-01
1.378119658119657975e+00 6.352961147682572030e-01
1.378119658119657975e+00 6.324815946516844090e-01
1.386324786324786285e+00 6.291238575696069812e-01
1.389059829059829054e+00 6.246578120478429863e-01
1.389059829059829054e+00 6.194370959766869467e-01
1.394529914529914372e+00 6.133304623040709558e-01
1.394529914529914372e+00 6.070743528221550500e-01
1.394529914529914372e+00 6.002932551319662968e-01
1.399999999999999911e+00 5.941683927021186307e-01
1.399999999999999911e+00 5.878794714571855540e-01
1.399999999999999911e+00 5.814629489116307504e-01
1.399999999999999911e+00 5.749552825799174594e-01
1.406381766381766374e+00 5.760052589964624881e-01
1.405470085470085451e+00 5.595155252046760674e-01
1.405470085470085451e+00 5.456507324542528847e-01
1.405470085470085451e+00 5.343379657162661278e-01
1.405470085470085451e+00 5.255043099617893176e-01
1.402735042735042681e+00 5.190768501618955311e-01
1.410940170940170990e+00 5.149826712876579560e-01
1.410940170940170990e+00 5.091421774706246239e-01
1.410940170940170990e+00 5.129957367494039078e-01
1.410940170940170990e+00 5.184570724160181276e-01
1.410940170940170990e+00 5.249756760020706237e-01
1.410940170940170990e+00 5.130905262870085748e-01
1.413675213675213538e+00 5.083182376437521688e-01
1.417321937321937231e+00 5.025433673527528455e-01
1.416410256410256308e+00 4.953940487664839631e-01
1.416410256410256308e+00 4.806579214203861583e-01
1.416410256410256308e+00 4.730820499148959413e-01
1.416410256410256308e+00 4.765637425461484722e-01
1.416410256410256308e+00 4.856161433874057187e-01
1.413675213675213538e+00 4.891124190244437453e-01
1.419145299145299077e+00 4.895061601806482421e-01
1.419145299145299077e+00 4.865275812489902041e-01
1.421880341880341847e+00 4.797756495703721646e-01
1.421880341880341847e+00 4.688493324856973787e-01
1.421880341880341847e+00 4.532819738098340934e-01
1.421880341880341847e+00 4.335493441065296216e-01
1.421880341880341847e+00 4.259461294651918917e-01
1.421880341880341847e+00 4.253464033522694199e-01
1.421880341880341847e+00 4.189572239425622957e-01
1.421880341880341847e+00 4.124586719894647313e-01
1.428262108262108088e+00 4.058872050074405213e-01
1.427350427350427386e+00 3.952106218968399753e-01
1.427350427350427386e+00 3.932947795117893164e-01
1.427350427350427386e+00 3.907773881380928738e-01
1.427350427350427386e+00 3.875855327468240019e-01
1.427350427350427386e+00 3.838121799998642225e-01
1.430085470085469934e+00 3.791711384086759451e-01
1.432820512820512704e+00 3.701734238391140019e-01
1.432820512820512704e+00 3.665531926529003171e-01
1.432820512820512704e+00 3.614199746164564742e-01
1.432820512820512704e+00 3.545185671285386309e-01
1.432820512820512704e+00 3.455937675879031667e-01
1.435555555555555474e+00 3.446750382234262111e-01
1.438290598290598243e+00 3.394105731349141841e-01
1.438290598290598243e+00 3.327716597511326535e-01
1.438290598290598243e+00 3.251082902109302952e-01
1.438290598290598243e+00 3.165334828091433406e-01
1.444672364672364484e+00 3.061722571986507657e-01
1.443760683760683783e+00 3.029822246831051502e-01
1.441025641025641013e+00 2.977177595945932342e-01
1.450142450142450024e+00 2.935944147087849454e-01
1.449230769230769100e+00 2.895476306033498703e-01
1.460170940170940179e+00 2.876882973657174936e-01
1.457435897435897409e+00 2.850414818156762342e-01
1.471111111111111036e+00 2.851253340989420848e-01
1.468376068376068266e+00 2.846149288964547885e-01
1.482051282051281893e+00 2.881950568167587212e-01
1.482051282051281893e+00 2.932590055757222092e-01
1.487521367521367432e+00 3.003882725290360489e-01
1.487521367521367432e+00 3.014254888155193379e-01
1.493903133903133673e+00 3.055761768371751397e-01
1.492991452991452972e+00 3.087425119683196995e-01
1.492991452991452972e+00 3.155217867827850853e-01
1.490256410256410202e+00 3.174740866822990393e-01
1.498461538461538289e+00 3.229445367275291523e-01
1.498461538461538289e+00 3.261327463673516225e-01
1.504843304843304752e+00 3.332838878293437057e-01
1.501196581196581059e+00 3.399683731062043690e-01
1.514871794871794686e+00 3.473728942937167607e-01
1.512136752136751916e+00 3.503496503496515424e-01
1.520341880341880225e+00 3.555721892965307829e-01
1.526723646723646466e+00 3.598905818847181193e-01
1.536752136752136622e+00 3.661910480092312459e-01
1.536752136752136622e+00 3.694023474082139269e-01
1.534017094017093852e+00 3.772498273964564053e-01
1.543133903133902862e+00 3.847533914982609327e-01
1.548603988603988402e+00 3.882891627759677555e-01
1.553162393162393018e+00 3.944122023300924429e-01
1.559544159544159259e+00 4.004392370961301628e-01
1.558632478632478557e+00 4.083152754707022880e-01
1.555897435897435788e+00 4.148776280741106048e-01
1.564102564102563875e+00 4.229529675277490242e-01
1.564102564102563875e+00 4.239628406783846892e-01
1.569572649572649414e+00 4.286767972984997233e-01
1.569572649572649414e+00 4.364130818676288937e-01
1.569572649572649414e+00 4.404689803516799729e-01
1.566837606837606645e+00 4.430046004826078687e-01
1.575954415954415655e+00 4.479464165681190657e-01
1.575042735042734954e+00 4.526293843009401296e-01
1.575042735042734954e+00 4.589821061961840698e-01
1.581424501424501194e+00 4.673217626296822247e-01
1.583247863247863041e+00 4.749504975311443777e-01
1.591452991452991350e+00 4.765163477773463607e-01
1.591452991452991350e+00 4.783483378791312246e-01
1.602393162393162207e+00 4.821125762474752774e-01
1.602393162393162207e+00 4.850765721733479863e-01
1.602393162393162207e+00 4.876140151799993050e-01
1.599658119658119437e+00 4.918831901236611071e-01
1.608774928774928670e+00 4.965205859634029273e-01
1.607863247863247746e+00 5.013512066298008163e-01
1.607863247863247746e+00 5.118181590322371521e-01
1.614245014245013987e+00 5.192591377342129499e-01
1.613333333333333286e+00 5.271667726213200567e-01
1.618803418803418603e+00 5.325132671173744559e-01
1.624273504273504143e+00 5.373785224225126056e-01
1.621538461538461373e+00 5.430604260516302961e-01
1.630655270655270384e+00 5.440393103149719911e-01
1.629743589743589682e+00 5.509571236843984199e-01
1.627008547008546913e+00 5.571858900304667017e-01
1.635213675213675000e+00 5.660487117965142811e-01
1.635213675213675000e+00 5.691658292831334176e-01
1.641595441595441462e+00 5.725089833594251276e-01
1.640683760683760539e+00 5.777661569450446288e-01
1.640683760683760539e+00 5.855771794188235901e-01
1.637948717948717769e+00 5.859034741732709328e-01
1.647065527065526780e+00 5.919864104614857014e-01
1.646153846153846079e+00 5.948574397254768886e-01
1.651623931623931396e+00 6.025554439044196187e-01
1.648888888888888626e+00 6.103761883820555401e-01
1.658005698005697859e+00 6.166699706289170413e-01
1.654358974358974166e+00 6.169142359758214011e-01
1.668945868945868716e+00 6.191752094977920340e-01
1.678974358974358871e+00 6.199219809190502639e-01
1.676239316239316102e+00 6.202446299220512049e-01
1.685356125356125112e+00 6.163187632395861204e-01
1.689914529914529728e+00 6.145135086484077025e-01
1.692649572649572498e+00 6.093529474761162357e-01
1.695384615384615268e+00 6.045205039339952569e-01
1.698119658119658038e+00 5.989042238309116861e-01
1.701766381766381508e+00 5.927629555195552680e-01
1.707236467236467048e+00 5.861477395201749596e-01
1.712706552706552587e+00 5.785427020031139733e-01
1.709059829059828894e+00 5.722938840240907599e-01
1.718176638176637905e+00 5.653031556257376300e-01
1.714529914529914434e+00 5.604379003205997023e-01
1.722735042735042521e+00 5.538919535987000264e-01
1.722735042735042521e+00 5.501204237274633924e-01
1.722735042735042521e+00 5.458494259080785005e-01
1.728205128205128061e+00 5.413815575105911382e-01
1.728205128205128061e+00 5.366621322633067237e-01
1.730940170940170830e+00 5.316729214089930267e-01
1.733675213675213600e+00 5.264321537048822774e-01
1.733675213675213600e+00 5.206627520410525012e-01
1.733675213675213600e+00 5.143847680504584075e-01
1.739145299145298917e+00 5.072390952156360378e-01
1.739145299145298917e+00 4.991455270047657211e-01
1.739145299145298917e+00 4.939393939393951771e-01
1.739145299145298917e+00 4.876832844574792714e-01
1.744615384615384457e+00 4.815584220276313832e-01
1.744615384615384457e+00 4.750070066785621048e-01
1.744615384615384457e+00 4.685248606069731814e-01
1.744615384615384457e+00 4.621739615874524976e-01
1.750997150997150698e+00 4.554712475533601590e-01
1.750085470085469996e+00 4.500773582885032598e-01
1.747350427350427227e+00 4.444355579252953214e-01
1.755555555555555314e+00 4.404853862331881142e-01
1.761025641025640853e+00 4.395453899852739821e-01
1.771965811965811710e+00 4.391109379379187772e-01
1.769230769230769162e+00 4.418908234157515325e-01
1.778347578347578173e+00 4.443741877759488368e-01
1.789287749287749030e+00 4.482089106722553229e-01
1.785641025641025559e+00 4.527278195899912538e-01
1.799316239316239185e+00 4.574478524625168463e-01
1.796581196581196416e+00 4.640940573491910137e-01
1.804786324786324503e+00 4.685965603854183592e-01
1.810256410256410042e+00 4.746898263027311549e-01
1.816638176638176505e+00 4.809629492913966575e-01
1.827578347578347362e+00 4.844227674139712780e-01
1.823931623931623669e+00 4.872640230411505735e-01
1.837606837606837518e+00 4.863623071834229927e-01
1.843076923076922835e+00 4.839488197259472213e-01
1.849458689458689298e+00 4.797902325761576603e-01
1.845811965811965605e+00 4.745804537593406591e-01
1.854017094017093914e+00 4.691628671100824266e-01
1.854017094017093914e+00 4.622833341308426602e-01
1.859487179487179231e+00 4.564391945623628710e-01
1.859487179487179231e+00 4.503763099071028675e-01
1.859487179487179231e+00 4.440217651361357265e-01
1.864957264957264771e+00 4.376344086021515811e-01
1.864957264957264771e+00 4.313782991202356198e-01
1.864957264957264771e+00 4.251221896383196586e-01
1.864957264957264771e+00 4.188004566303696885e-01
1.870427350427350310e+00 4.126263765559962660e-01
1.870427350427350310e+00 4.065653147764594633e-01
1.870427350427350310e+00 4.003219654246056858e-01
1.870427350427350310e+00 3.936702919107620269e-01
1.870427350427350310e+00 3.872373634836987488e-01
1.876809116809116773e+00 3.809867226289522790e-01
1.875897435897435628e+00 3.748819118320593224e-01
1.875897435897435628e+00 3.688864735785565285e-01
1.873162393162393080e+00 3.629639503539806022e-01
1.881367521367521167e+00 3.572091316959359886e-01
1.881367521367521167e+00 3.515873829656829264e-01
1.881367521367521167e+00 3.455901218364569316e-01
1.881367521367521167e+00 3.389876659671389181e-01
1.881367521367521167e+00 3.316487683056605906e-01
1.887749287749287630e+00 3.246963202974940121e-01
1.886837606837606707e+00 3.181631337056564646e-01
1.886837606837606707e+00 3.120127510156842643e-01
1.886837606837606707e+00 3.062087147131142273e-01
1.884102564102563937e+00 3.007145672834828920e-01
1.892307692307692024e+00 2.954938512123270189e-01
1.892307692307692024e+00 2.901783456035662567e-01
1.892307692307692024e+00 2.846258661507934939e-01
1.892307692307692024e+00 2.785629814955333794e-01
1.892307692307692024e+00 2.719167766088592675e-01
1.892307692307692024e+00 2.652778632250779034e-01
1.898689458689458709e+00 2.587155106216695311e-01
1.897777777777777564e+00 2.518724351568931707e-01
1.897777777777777564e+00 2.452444590274507341e-01
1.897777777777777564e+00 2.390904305860322987e-01
1.897777777777777564e+00 2.333374348037109691e-01
1.897777777777777564e+00 2.279125566515600443e-01
1.895042735042734794e+00 2.227428811006528508e-01
1.903247863247863103e+00 2.174237297404457148e-01
1.903247863247863103e+00 2.119769770796168240e-01
1.903247863247863103e+00 2.062932505747759049e-01
1.903247863247863103e+00 2.002631776825329057e-01
1.903247863247863103e+00 1.937117623334635719e-01
1.908717948717948421e+00 1.874064352070220485e-01
1.908717948717948421e+00 1.812141263754170062e-01
1.908717948717948421e+00 1.750035887865803164e-01
1.908717948717948421e+00 1.666748696074212832e-01
1.908717948717948421e+00 1.625278273372118276e-01
1.914188034188033960e+00 1.584354713386973978e-01
1.914188034188033960e+00 1.542519715540245917e-01
1.914188034188033960e+00 1.497658743993057207e-01
1.916923076923076730e+00 1.450446262762980221e-01
1.919658119658119499e+00 1.399077624884078608e-01
1.919658119658119499e+00 1.338175346973002611e-01
1.919658119658119499e+00 1.269106585822129818e-01
1.919658119658119499e+00 1.192345289119483981e-01
1.926039886039885962e+00 1.102094712065387616e-01
1.925128205128205039e+00 1.062337792543072840e-01
1.922393162393162269e+00 1.007487462032918279e-01
1.931509971509971502e+00 9.654337190994105589e-02
1.927863247863247587e+00 9.342807729904527292e-02
1.941538461538461435e+00 9.248018192299742313e-02
1.938803418803418666e+00 9.139010224054242015e-02
1.952478632478632292e+00 9.215571004427342006e-02
1.963418803418803149e+00 9.231247735646602726e-02
1.974358974358974228e+00 9.464940403356869592e-02
1.971623931623931458e+00 9.618244251675384104e-02
1.986210826210826008e+00 9.898055675181829938e-02
1.982564102564102315e+00 1.034338421435201244e-01
1.996239316239315942e+00 1.065819485174329673e-01
1.996239316239315942e+00 1.117242809324926339e-01
2.001709401709401703e+00 1.151385271619881773e-01
2.007179487179487243e+00 1.191871341431463976e-01
2.004444444444444251e+00 1.220180601412278742e-01
2.012649572649572338e+00 1.250057534515017776e-01
2.009914529914529790e+00 1.273882520216836622e-01
2.018119658119657878e+00 1.289413421378236557e-01
2.015384615384615330e+00 1.322225184395278419e-01
2.023589743589743417e+00 1.372354266782426224e-01
2.020854700854700869e+00 1.413940138280321279e-01
2.029059829059828957e+00 1.500174312491034945e-01
2.034529914529914496e+00 1.546912846033087763e-01
2.040911680911680737e+00 1.631992532285794772e-01
2.045470085470085575e+00 1.667976099061150574e-01
2.050940170940170670e+00 1.722747438289968513e-01
2.048205128205128123e+00 1.767979061234200844e-01
2.057321937321937355e+00 1.798566915868976546e-01
2.053675213675213662e+00 1.845900922147263590e-01
2.061880341880341749e+00 1.872332620133214109e-01
2.067350427350427289e+00 1.925110948571366887e-01
2.064615384615384297e+00 1.965481569587149702e-01
2.072820512820512828e+00 2.001173476246797811e-01
2.070085470085469836e+00 2.031396755736940285e-01
2.078290598290598368e+00 2.037630990710177781e-01
2.075555555555555376e+00 2.069336875788497510e-01
2.083760683760683463e+00 2.136212109819157212e-01
2.081025641025640915e+00 2.177263271104922793e-01
2.090142450142450148e+00 2.242619442032941779e-01
2.095612535612535687e+00 2.307380140224724874e-01
2.105641025641025621e+00 2.379967051521313937e-01
2.102905982905982629e+00 2.431615197011101903e-01
2.112022792022791862e+00 2.514057789717624170e-01
2.122051282051281795e+00 2.541692585680865868e-01
2.119316239316239248e+00 2.586754073557602229e-01
2.127521367521367335e+00 2.624366075978989410e-01
2.133903133903134020e+00 2.677022879368931019e-01
2.130256410256410327e+00 2.707173243830145459e-01
2.144843304843304654e+00 2.736630915516555240e-01
2.141196581196580961e+00 2.760474129975605262e-01
2.154871794871794588e+00 2.750120195868005490e-01
2.161253561253561273e+00 2.735026784880166817e-01
2.171282051282051206e+00 2.744651568698499022e-01
2.171282051282051206e+00 2.739000653956674691e-01
2.182222222222222285e+00 2.739450296635057014e-01
2.188603988603988526e+00 2.750411855983713183e-01
2.199544159544159605e+00 2.785611586198106226e-01
2.195897435897435912e+00 2.806738715829635300e-01
2.195897435897435912e+00 2.839191979954453493e-01
2.209572649572649539e+00 2.863904098508214258e-01
2.215042735042735078e+00 2.847625818300315581e-01
2.221424501424501319e+00 2.854522364786304389e-01
2.231452991452991252e+00 2.869390954434953844e-01
2.231452991452991252e+00 2.893143025107846045e-01
2.228717948717948705e+00 2.934054432588167893e-01
2.237834757834757937e+00 2.980240027160859784e-01
2.236923076923076792e+00 3.043275069668042732e-01
2.242393162393162331e+00 3.088227185001390374e-01
2.248774928774928572e+00 3.150387247161452464e-01
2.245128205128204879e+00 3.203505845734597735e-01
2.258803418803418506e+00 3.233291635051178670e-01
2.256068376068375958e+00 3.293373618886827892e-01
2.264273504273504045e+00 3.343964496457176860e-01
2.269743589743589585e+00 3.405772135977426784e-01
2.275213675213675124e+00 3.474494550740898080e-01
2.281595441595441365e+00 3.505544200558875501e-01
2.291623931623931298e+00 3.535925462611691494e-01
2.291623931623931298e+00 3.532060966078571784e-01
2.302564102564102377e+00 3.500312547233377924e-01
2.302564102564102377e+00 3.466874930218047934e-01
2.313504273504273456e+00 3.425477422544879746e-01
2.313504273504273456e+00 3.368111523536752028e-01
2.318974358974358996e+00 3.326531728291267087e-01
2.321709401709401543e+00 3.281597841715152009e-01
2.325356125356125236e+00 3.237320190399376463e-01
2.329914529914529631e+00 3.172352899625634493e-01
2.332649572649572622e+00 3.117484340358248618e-01
2.336296296296296315e+00 3.058769513314974486e-01
2.341766381766381855e+00 2.993000157223037472e-01
2.346324786324786249e+00 2.945113211975388667e-01
2.349059829059828797e+00 2.879836032328708106e-01
2.351794871794871788e+00 2.823199283609847954e-01
2.357264957264957328e+00 2.786140220157822256e-01
2.357264957264957328e+00 2.745799980404092788e-01
2.362735042735042423e+00 2.699881740937465913e-01
2.365470085470085415e+00 2.644028828779567686e-01
2.369116809116809108e+00 2.602831837435949369e-01
2.365470085470085415e+00 2.557442231929041299e-01
2.374586894586894648e+00 2.499675300261816890e-01
2.370940170940170955e+00 2.454832557471859356e-01
2.379145299145299042e+00 2.401823331442105025e-01
2.379145299145299042e+00 2.365110614377481935e-01
2.384615384615384581e+00 2.324022995577252615e-01
2.387350427350427129e+00 2.269209122581561378e-01
2.390997150997150822e+00 2.223400255658325164e-01
2.387350427350427129e+00 2.180544447406622122e-01
2.396467236467236361e+00 2.133022077303607100e-01
2.401025641025640756e+00 2.088981399831844332e-01
2.403760683760683747e+00 2.039854899092440332e-01
2.411965811965811834e+00 2.008519665411166166e-01
2.411965811965811834e+00 1.973174105138919276e-01
2.422905982905982913e+00 1.938557695155940230e-01
2.422905982905982913e+00 1.902847559739059558e-01
2.433846153846153548e+00 1.859864150186734955e-01
2.431111111111111001e+00 1.826797184568449139e-01
2.440227920227920233e+00 1.782319016923125665e-01
2.436581196581196540e+00 1.714745013865251466e-01
2.445698005698005773e+00 1.654280226127736730e-01
2.451168091168091312e+00 1.583734935641095687e-01
2.456638176638176407e+00 1.519350965098767159e-01
2.461196581196581246e+00 1.467490150774609647e-01
2.473048433048433026e+00 1.434514328942482486e-01
2.469401709401709333e+00 1.426785335876245564e-01
