Na2SO4 brine at 100K NIR reflectance spectra from Dalton (2005)
Digitized 2/28/2021 by Ryleigh Davis
Wavelength (um)          Reflectance (assumed offset of 0.1)
7.186927701556959924e-01 4.226883100024121931e-01
7.297425620471713614e-01 4.231674427249791370e-01
7.269801140743025192e-01 4.236851263562583791e-01
7.407923539386465084e-01 4.242207086237254621e-01
7.518421458301218774e-01 4.247535372548559840e-01
7.518421458301218774e-01 4.252629599771265423e-01
7.628919377215970243e-01 4.254254245209855290e-01
7.628919377215970243e-01 4.264415163291877531e-01
7.739417296130723933e-01 4.262845590580020549e-01
7.849915215045475403e-01 4.268600690523496888e-01
7.822290735316788091e-01 4.272951435935311570e-01
7.960413133960229093e-01 4.269399245061109016e-01
7.960413133960229093e-01 4.273667381382826314e-01
8.070911052874980562e-01 4.277164499530297648e-01
8.043286573146293250e-01 4.291969884233372001e-01
8.181408971789734252e-01 4.314613953707944760e-01
8.245866091156672795e-01 4.335403908049212385e-01
8.356364010071425374e-01 4.355936856332398577e-01
8.457653769076615147e-01 4.364922889577475540e-01
8.568151687991367726e-01 4.367291016826944094e-01
8.678649606906120306e-01 4.354807865434395242e-01
8.678649606906120306e-01 4.331631426268081064e-01
8.789147525820872886e-01 4.306958844692220234e-01
8.761523046092184464e-01 4.290923502425467162e-01
8.899645444735625466e-01 4.277467399527322134e-01
8.872020965006937043e-01 4.271822445037308791e-01
9.019351523559940853e-01 4.271978484429715950e-01
9.120641282565130625e-01 4.278146629823681435e-01
9.120641282565130625e-01 4.282396408569820734e-01
9.231139201479883205e-01 4.285994493382967452e-01
9.350845280304198592e-01 4.293622066035327478e-01
9.452135039309388365e-01 4.289996444858815150e-01
9.452135039309388365e-01 4.291180508483549705e-01
9.562632958224139834e-01 4.287086769129816455e-01
9.673130877138893524e-01 4.284489172185630967e-01
9.673130877138893524e-01 4.287050053978661568e-01
9.792836955963208911e-01 4.289835816072512520e-01
9.756004316324957681e-01 4.281790608575770651e-01
9.866502235239709151e-01 4.274617385918949020e-01
9.894126714968398684e-01 4.264020475416965272e-01
9.894126714968398684e-01 4.245304927115929328e-01
9.949375674425775529e-01 4.211710563809510366e-01
9.977000154154462841e-01 4.173476323275933653e-01
1.001383279379271407e+00 4.125686964654385336e-01
1.005987359334052700e+00 4.084093287790167004e-01
1.011512255279790384e+00 4.042196710928924186e-01
1.011512255279790384e+00 4.000011002252338854e-01
1.022562047171265531e+00 3.967536451056133395e-01
1.022562047171265531e+00 3.950032502743199281e-01
1.033611839062740900e+00 3.937503457411707375e-01
1.045582446945172439e+00 3.950615355767778669e-01
1.055711422845691416e+00 3.981837002430834160e-01
1.052948974872822463e+00 3.994283438672229236e-01
1.061236318791429101e+00 4.016688859664298006e-01
1.066761214737166563e+00 4.055276483527736620e-01
1.066761214737166563e+00 4.079058722688100880e-01
1.063998766764297832e+00 4.111698492064501109e-01
1.072286110682904248e+00 4.146752282629314057e-01
1.078731822619598102e+00 4.173480912669831344e-01
1.075048558655772979e+00 4.196262663961233264e-01
1.088860798520117079e+00 4.223441054603392919e-01
1.086098350547248348e+00 4.239035815056291234e-01
1.099910590411592448e+00 4.228645427279550950e-01
1.105435486357330133e+00 4.229457749998845606e-01
1.117406094239761671e+00 4.233207284810504567e-01
1.127535070140280649e+00 4.214009850150565173e-01
1.138584862031755796e+00 4.201577182090853180e-01
1.144109757977493480e+00 4.178726589891035847e-01
1.149634653923230942e+00 4.152176946212398079e-01
1.155159549868968627e+00 4.113254296594672788e-01
1.161605261805662481e+00 4.069815683384938598e-01
1.157921997841837580e+00 4.027450988346473748e-01
1.167130157751400166e+00 3.987812393281235934e-01
1.163446893787575043e+00 3.949041193662024551e-01
1.171734237706181458e+00 3.910655503129935595e-01
1.171734237706181458e+00 3.869819076258280144e-01
1.177259133651919143e+00 3.815544904064057663e-01
1.177259133651919143e+00 3.771596868132053304e-01
1.183704845588612997e+00 3.727593759473318280e-01
1.182784029597656827e+00 3.685559500795245191e-01
1.188308925543394512e+00 3.636999123999450911e-01
1.191071373516263243e+00 3.602179392523247592e-01
1.193833821489131974e+00 3.569920542840075428e-01
1.193833821489131974e+00 3.536959515891073269e-01
1.199358717434869659e+00 3.502897034407432830e-01
1.202121165407738612e+00 3.463575107520903140e-01
1.205804429371563513e+00 3.415551689810744085e-01
1.210408509326345028e+00 3.376670344738068597e-01
1.215933405272082490e+00 3.331207808820939031e-01
1.221458301217820175e+00 3.281022786586554885e-01
1.226983197163557859e+00 3.225605855312645986e-01
1.233428909100251714e+00 3.182745505733596270e-01
1.243557885000770691e+00 3.140160519788204874e-01
1.243557885000770691e+00 3.105483059522727296e-01
1.254607676892246060e+00 3.088465586962590437e-01
1.251845228919377107e+00 3.080571829464360811e-01
1.266578284774677376e+00 3.079213368871642764e-01
1.277628076666152745e+00 3.069107523516351188e-01
1.287757052566671723e+00 3.069915256841751483e-01
1.294202764503365577e+00 3.071627100764333096e-01
1.304331740403884554e+00 3.055724850920515934e-01
1.304331740403884554e+00 3.041401352576344475e-01
1.315381532295359923e+00 3.047913702512383138e-01
1.315381532295359923e+00 3.049772407039583189e-01
1.312619084322491192e+00 3.069557284117995222e-01
1.320906428241097608e+00 3.104734988317954802e-01
1.326431324186835070e+00 3.135672092559563806e-01
1.323668876213966339e+00 3.163800487737847833e-01
1.332877036123528924e+00 3.214095655425695530e-01
1.343006012024048124e+00 3.254574109573594165e-01
1.340243564051179170e+00 3.282358300209803903e-01
1.349451723960741978e+00 3.317838904406788525e-01
1.359580699861260955e+00 3.353457190420601752e-01
1.356818251888392002e+00 3.357023149476487944e-01
1.370630491752736102e+00 3.344273813238067827e-01
1.376155387698473787e+00 3.331579549726380041e-01
1.382601099635167641e+00 3.287301077433984475e-01
1.388125995580905325e+00 3.251834241418682381e-01
1.392730075535686618e+00 3.217248569031090355e-01
1.395492523508555571e+00 3.175503442168359780e-01
1.398254971481424302e+00 3.142514878855990901e-01
1.401017419454293034e+00 3.111660383704480393e-01
1.404700683418118157e+00 3.078465297666866940e-01
1.401017419454293034e+00 3.026036061818160317e-01
1.410225579363855841e+00 2.984387312227210209e-01
1.409304763372899671e+00 2.951577735276719183e-01
1.414829659318637134e+00 2.907808685706593788e-01
1.414829659318637134e+00 2.873925190584832867e-01
1.417592107291506087e+00 2.828311204669191614e-01
1.421275371255330988e+00 2.780631991501105738e-01
1.420354555264374818e+00 2.735073078312195149e-01
1.426800267201068673e+00 2.686347483336204989e-01
1.425879451210112503e+00 2.629663879347463595e-01
1.423117003237243550e+00 2.556430920975806820e-01
1.432325163146806357e+00 2.527999625800497197e-01
1.431404347155850187e+00 2.493537867048051804e-01
1.436929243101587650e+00 2.459158717385704074e-01
1.436929243101587650e+00 2.423485358645157961e-01
1.439691691074456381e+00 2.384590245390799945e-01
1.443374955038281504e+00 2.349825586641329511e-01
1.439691691074456381e+00 2.312500046098828477e-01
1.448899850984019189e+00 2.272044538920401646e-01
1.445216587020194066e+00 2.223998174240770231e-01
1.454424746929756873e+00 2.172560247473236672e-01
1.459949642875494336e+00 2.143105517459494291e-01
1.470078618776013535e+00 2.110300529902898459e-01
1.470078618776013535e+00 2.079955457473657565e-01
1.481128410667488682e+00 2.058844245559788011e-01
1.478365962694619951e+00 2.041858898756911400e-01
1.492178202558964051e+00 2.030610294321934794e-01
1.489415754586095098e+00 2.023161708031454009e-01
1.503227994450439198e+00 2.008764779384973886e-01
1.508752890396176882e+00 2.004519590032728393e-01
1.519802682287652029e+00 1.998961834026707907e-01
1.531773290170083568e+00 2.001316193094493656e-01
1.528090026206258445e+00 2.012491367227161598e-01
1.542823082061558715e+00 2.019159756555607699e-01
1.539139818097733814e+00 2.028728642825264328e-01
1.552952057962077914e+00 2.044975097211155501e-01
1.564001849853553061e+00 2.056255827403392911e-01
1.561239401880684330e+00 2.072135130277739101e-01
1.575972457735984600e+00 2.078734678697770344e-01
1.587022249627459747e+00 2.101039133024163175e-01
1.583338985663634846e+00 2.111099084440511142e-01
1.597151225527978946e+00 2.131659569087062944e-01
1.608201017419454093e+00 2.148346605286808597e-01
1.619250809310929462e+00 2.151687684041873050e-01
1.616488361338060509e+00 2.143261556851902006e-01
1.630300601202404609e+00 2.145840796220510327e-01
1.641350393093879978e+00 2.127262929736304931e-01
1.638587945121011025e+00 2.128804966084796302e-01
1.653321000976311295e+00 2.126455196410904636e-01
1.664370792867786664e+00 2.137671675088622103e-01
1.660687528903961541e+00 2.155900747636859405e-01
1.674499768768305641e+00 2.199086944182406800e-01
1.671737320795436910e+00 2.238307904403261939e-01
1.680024664714043325e+00 2.278630319158753414e-01
1.686470376650737180e+00 2.314528558200121544e-01
1.697520168542212327e+00 2.356870306269113480e-01
1.693836904578387426e+00 2.386710545369978564e-01
1.707649144442731526e+00 2.416605857197575979e-01
1.719619752325162843e+00 2.429520411616190312e-01
1.729748728225682042e+00 2.438010790320681020e-01
1.740798520117157189e+00 2.433136854004913363e-01
1.747244232053851043e+00 2.428786108593098680e-01
1.754610759981501289e+00 2.407032381534023879e-01
1.757373207954370020e+00 2.390639066543514546e-01
1.760135655927238973e+00 2.379964136345326942e-01
1.768422999845845389e+00 2.369390172812814999e-01
1.780393607728276928e+00 2.366434603144873250e-01
1.791443399619752075e+00 2.364396912255795902e-01
1.801572375520271052e+00 2.370656845527648049e-01
1.807097271466008737e+00 2.377449148491240505e-01
1.812622167411746421e+00 2.379115098474878509e-01
1.823671959303221568e+00 2.382167045414600448e-01
1.834721751194696937e+00 2.378132968181492779e-01
1.845771543086172084e+00 2.368040891007884008e-01
1.851296439031909769e+00 2.337833500395472552e-01
1.856821334977647453e+00 2.301981155293048309e-01
1.863267046914341307e+00 2.263209955673836371e-01
1.868791942860078992e+00 2.218270610660659226e-01
1.873396022814860284e+00 2.168539938421812363e-01
1.876158470787729016e+00 2.114073011684027836e-01
1.879841734751554361e+00 2.057003898608164016e-01
1.885366630697291823e+00 2.001559430970889786e-01
1.890891526643029508e+00 1.946610617874201810e-01
1.896416422588767192e+00 1.879972618528681916e-01
1.892733158624942069e+00 1.821526687284522328e-01
1.901941318534504877e+00 1.780125764963866042e-01
1.901020502543548485e+00 1.741203115346142138e-01
1.906545398489285947e+00 1.705226856608571540e-01
1.909307846462154901e+00 1.669856397865050746e-01
1.912991110425980024e+00 1.632916366409672970e-01
1.909307846462154901e+00 1.596692280401808550e-01
1.918516006371717708e+00 1.561762403472141958e-01
1.914832742407892585e+00 1.513807826670397205e-01
1.923120086326499001e+00 1.460580036284079286e-01
1.923120086326499001e+00 1.430042209311277179e-01
1.929565798263192855e+00 1.398705827800863777e-01
1.934169878217974148e+00 1.378026018913059703e-01
1.939694774163711832e+00 1.362619423609829350e-01
1.950744566055186979e+00 1.357125919118328805e-01
1.947982118082318248e+00 1.351467196446633490e-01
1.961794357946662348e+00 1.352389664619391973e-01
1.967319253892400033e+00 1.346372969223939009e-01
1.978369045783875180e+00 1.336446110230525564e-01
1.978369045783875180e+00 1.325142433068816905e-01
1.989418837675350549e+00 1.320254728571366443e-01
1.989418837675350549e+00 1.321893142191639114e-01
2.000468629566825918e+00 1.320465840690505654e-01
1.997706181593956964e+00 1.329204046665290462e-01
2.011518421458301287e+00 1.335252867818003675e-01
2.023489029340732603e+00 1.349434094951450780e-01
2.019805765376907480e+00 1.364193585715582913e-01
2.034538821232207972e+00 1.385699485504364170e-01
2.030855557268382849e+00 1.411088012527740021e-01
2.045588613123683341e+00 1.433282321400669301e-01
2.041905349159858218e+00 1.454567930282523180e-01
2.055717589024202319e+00 1.471319217996789608e-01
2.052955141051333143e+00 1.471493614964773655e-01
2.066767380915677244e+00 1.484252129990981939e-01
2.064004932942808512e+00 1.481645354259008562e-01
2.078737988798109004e+00 1.492265211730463836e-01
2.089787780689584373e+00 1.488933311763187828e-01
2.099916756590103351e+00 1.494642517767721390e-01
2.097154308617234175e+00 1.505445950994949711e-01
2.110966548481578275e+00 1.516855184216227836e-01
2.116491444427316182e+00 1.528209344710774187e-01
2.122937156364010036e+00 1.535267832520238185e-01
2.133066132264529013e+00 1.543758211224729171e-01
2.130303684291660282e+00 1.559866983793791462e-01
2.145036740146960330e+00 1.577673832103750895e-01
2.156086532038435699e+00 1.590459883493325344e-01
2.167136323929911068e+00 1.595471501625922439e-01
2.177265299830430045e+00 1.616206383240458011e-01
2.188315091721905414e+00 1.641856505715809933e-01
2.188315091721905414e+00 1.666625464563452064e-01
2.194760803658599269e+00 1.697351456685921300e-01
2.204889779559118246e+00 1.720000115554387865e-01
2.204889779559118246e+00 1.736370483575425672e-01
2.215939571450593171e+00 1.748968369815332713e-01
2.226989363342068540e+00 1.752258965237560029e-01
2.226989363342068540e+00 1.737898751742233960e-01
2.238039155233543909e+00 1.720289247369729824e-01
2.249088947125019278e+00 1.710334852012950768e-01
2.249088947125019278e+00 1.694308688533986695e-01
2.260138739016494203e+00 1.685276761349965569e-01
2.257376291043625471e+00 1.665381738818090263e-01
2.271188530907969572e+00 1.645954834463435601e-01
2.268426082935100840e+00 1.626087348294925905e-01
2.277634242844663426e+00 1.605999571219489108e-01
2.282238322799444941e+00 1.570450126114089906e-01
2.285000770772313672e+00 1.540380417318508166e-01
2.293288114690920310e+00 1.511054190333806224e-01
2.293288114690920310e+00 1.485280154223307392e-01
2.298813010636657772e+00 1.461461199911788522e-01
2.301575458609526503e+00 1.425760304807877077e-01
2.307100354555264410e+00 1.387264468822324848e-01
2.309862802528133141e+00 1.359893323636603424e-01
2.316308514464826995e+00 1.326684469417307166e-01
2.320912594419608066e+00 1.298156796970216798e-01
2.323675042392477241e+00 1.268045783629586087e-01
2.331962386311083435e+00 1.241445656618110072e-01
2.331962386311083435e+00 1.225199202232219314e-01
2.343012178202558804e+00 1.211568702366090239e-01
2.343012178202558804e+00 1.196313557061371574e-01
2.348537074148296266e+00 1.167221389165279816e-01
2.351299522121165442e+00 1.139450966710752466e-01
2.359586866039771635e+00 1.105457326135527441e-01
2.359586866039771635e+00 1.065185394712873379e-01
2.366032577976465490e+00 1.027722172353542768e-01
2.376161553876984467e+00 9.886710197067778705e-02
2.373399105904115736e+00 9.417398777434658752e-02
2.381686449822722373e+00 9.114223416775911468e-02
2.388132161759416228e+00 8.835371843757057475e-02
2.398261137659935205e+00 8.549314922324120769e-02
2.398261137659935205e+00 8.296944152075487466e-02
2.409310929551410130e+00 8.063665260427223258e-02
2.409310929551410130e+00 7.803217156924589781e-02
2.414835825497148036e+00 7.568745022863804239e-02
2.423123169415754230e+00 7.312519161743943896e-02
2.425885617388623405e+00 6.985387164956849415e-02
2.431410513334360868e+00 6.701487258654242885e-02
2.439697857252967061e+00 6.466051351875652664e-02
2.442460305225835793e+00 6.142086036875638033e-02
2.447985201171573699e+00 5.866722403216462212e-02
2.453510097117311162e+00 5.673692496021381926e-02
2.459034993063049068e+00 5.512467088513933050e-02
2.459034993063049068e+00 5.312553090477373230e-02
2.470084784954523993e+00 5.056671433899585788e-02
2.470084784954523993e+00 4.715564732704286000e-02
2.475609680900261900e+00 4.259975600815185670e-02
2.481134576845999362e+00 3.660646652155998687e-02
