Na2S.9H2O 100K NIR reflectance spectra from Dalton (2005)
Digitized 2/28/2021 by Ryleigh Davis
Wavelength (um)          Reflectance (assumed offset of 0.1)
7.142264439349275129e-01 7.920554347765841330e-01
7.254067037886232638e-01 7.907644694372971683e-01
7.365869636423190148e-01 7.895630631441379332e-01
7.477672234960148767e-01 7.884379095564663098e-01
7.589474833497107387e-01 7.873757023336422911e-01
7.701277432034066006e-01 7.863631351350259813e-01
7.813080030571023515e-01 7.853869016199772624e-01
7.924882629107981025e-01 7.844336954478561275e-01
7.896931979473742480e-01 7.834902102780225697e-01
8.036685227644939644e-01 7.825431397698366931e-01
8.092586526913418954e-01 7.815791775826466115e-01
8.204389125450377573e-01 7.804386543935849518e-01
8.316191723987336193e-01 7.794119826091858716e-01
8.427994322524293702e-01 7.782345507294625708e-01
8.539796921061251211e-01 7.771133004252425147e-01
8.651599519598209831e-01 7.758877235397565464e-01
8.623648869963970176e-01 7.746372928182201356e-01
8.763402118135168450e-01 7.730615298475431718e-01
8.763402118135168450e-01 7.713265237357038728e-01
8.875204716672127070e-01 7.693519087852936922e-01
8.847254067037886305e-01 7.675033489195229874e-01
8.987007315209084579e-01 7.652281067306572204e-01
9.052225497688977107e-01 7.629264480394022385e-01
9.154711213014521398e-01 7.606722646397650056e-01
9.210612512283000708e-01 7.586968311498442086e-01
9.322415110819959327e-01 7.561250544200760482e-01
9.294464461185718562e-01 7.540891978317330047e-01
9.434217709356917947e-01 7.518454322076857377e-01
9.546020307893874346e-01 7.495933323631662759e-01
9.657822906430832965e-01 7.470234903631506329e-01
9.657822906430832965e-01 7.443019953156170265e-01
9.769625504967791585e-01 7.415060875852973465e-01
9.741674855333553040e-01 7.383599937697864490e-01
9.834843687447685223e-01 7.347806693150955581e-01
9.881428103504750204e-01 7.306188423795554332e-01
9.909378753138988749e-01 7.263721849856391577e-01
9.946646285984641622e-01 7.214158538359928263e-01
9.909378753138988749e-01 7.168812937723774148e-01
1.000254758525312093e+00 7.123162245088200395e-01
9.965280052407468059e-01 7.081028295841089726e-01
1.005844888452160024e+00 7.047701831728537814e-01
1.011435018379007955e+00 7.017307227317753915e-01
1.021683589911562384e+00 6.996188907943079460e-01
1.021683589911562384e+00 6.983811102288449701e-01
1.033795538086399679e+00 6.978745086844374557e-01
1.030068784801834392e+00 6.973914215477906575e-01
1.044975797940095319e+00 6.980667910567569523e-01
1.041249044655530032e+00 6.985826197738296273e-01
1.055224369472649970e+00 6.991353571815641654e-01
1.066404629326345610e+00 6.995060067545215698e-01
1.063609564362921756e+00 6.995775917553616052e-01
1.077584889180041472e+00 6.986033809123267657e-01
1.074789824216617617e+00 6.970169025153285514e-01
1.083175019106889403e+00 6.949515040919194142e-01
1.089696837354878767e+00 6.919921861102015237e-01
1.097150343924009119e+00 6.887419145387905228e-01
1.099945408887433196e+00 6.845882729983567838e-01
1.105535538814281127e+00 6.805591982889069858e-01
1.111125668741129058e+00 6.758248401720109433e-01
1.111125668741129058e+00 6.714259344291145792e-01
1.116715798667976767e+00 6.675006654121513616e-01
1.119510863631400843e+00 6.628384131848751304e-01
1.125100993558248774e+00 6.591462791030804347e-01
1.127896058521672629e+00 6.551038101107292677e-01
1.133486188448520560e+00 6.517816558877469468e-01
1.139076318375368491e+00 6.486560999726849186e-01
1.145598136623357854e+00 6.450181383239584898e-01
1.155846708155912284e+00 6.418812716811131969e-01
1.153051643192488207e+00 6.385690887576240815e-01
1.162368526403901425e+00 6.350168505194673241e-01
1.167026968009608145e+00 6.314460091106137707e-01
1.169822032973032000e+00 6.276197089617558955e-01
1.172617097936455854e+00 6.242342295457224965e-01
1.175412162899879931e+00 6.199037090583066067e-01
1.179138916184445218e+00 6.157302737442517104e-01
1.183797357790151716e+00 6.108211946481744148e-01
1.186592422753575793e+00 6.062145286949393030e-01
1.190319176038140858e+00 6.008677541987144100e-01
1.186592422753575793e+00 5.958286017331270168e-01
1.195909305964988789e+00 5.910626926387299029e-01
1.201499435891836720e+00 5.863959012378037183e-01
1.207089565818684651e+00 5.813787749263209514e-01
1.211748007424391371e+00 5.771518368933431509e-01
1.214543072387815226e+00 5.725250051030730258e-01
1.217338137351239302e+00 5.687209543463683792e-01
1.220133202314663157e+00 5.646237176194864871e-01
1.222928267278087233e+00 5.601907308678742980e-01
1.225723332241511088e+00 5.566569469750481947e-01
1.231313462168359019e+00 5.536092267261806255e-01
1.234108527131782873e+00 5.505100129008252408e-01
1.240630345379772015e+00 5.485226733816586098e-01
1.250878916912326666e+00 5.463135840677897370e-01
1.250878916912326666e+00 5.448474309788565728e-01
1.262059176766022528e+00 5.431879537400451374e-01
1.273239436619718390e+00 5.427551695769615714e-01
1.285351384794555463e+00 5.426737621019936952e-01
1.295599956327109892e+00 5.437168046766056584e-01
1.307711904501946965e+00 5.448768239885570797e-01
1.303985151217381899e+00 5.471470061149933395e-01
1.318892164355642826e+00 5.495859562059883796e-01
1.315165411071077539e+00 5.520918777114910414e-01
1.330072424209338688e+00 5.541696286402426619e-01
1.326345670924773401e+00 5.559905069880168860e-01
1.340320995741893118e+00 5.570410652435898724e-01
1.351501255595588979e+00 5.576226747722455857e-01
1.348706190632165125e+00 5.576040716015490117e-01
1.362681515449284841e+00 5.562257998909863055e-01
1.359886450485860987e+00 5.549229826407682253e-01
1.369203333697273983e+00 5.532982561248178666e-01
1.376656840266404558e+00 5.506074935152749372e-01
1.379451905229828634e+00 5.479329528705791930e-01
1.390632165083524274e+00 5.442405211380533236e-01
1.390632165083524274e+00 5.407635885348759386e-01
1.401812424937220136e+00 5.365745265574362044e-01
1.401812424937220136e+00 5.324564542793742694e-01
1.407402554864068067e+00 5.283031103896718150e-01
1.410197619827492144e+00 5.237711547699538395e-01
1.412992684790915998e+00 5.191249012694766352e-01
1.412992684790915998e+00 5.142473731509005219e-01
1.418582814717763929e+00 5.090599906212033288e-01
1.418582814717763929e+00 5.037645608761007754e-01
1.418582814717763929e+00 4.980539083610520668e-01
1.425104632965753071e+00 4.922664619573682843e-01
1.424172944644611860e+00 4.861258529611820478e-01
1.424172944644611860e+00 4.800731997560487851e-01
1.429763074571459791e+00 4.740656406366839382e-01
1.429763074571459791e+00 4.678477912757655899e-01
1.429763074571459791e+00 4.624684240244805733e-01
1.429763074571459791e+00 4.566934789515048054e-01
1.436284892819448933e+00 4.509939883388741633e-01
1.435353204498307722e+00 4.454842500673477645e-01
1.435353204498307722e+00 4.401553346149915114e-01
1.435353204498307722e+00 4.350599261612179136e-01
1.432558139534883646e+00 4.300915401569599950e-01
1.441875022746296864e+00 4.251180196775898867e-01
1.440943334425155653e+00 4.202998728798769124e-01
1.440943334425155653e+00 4.154388643768793243e-01
1.440943334425155653e+00 4.105934825372666297e-01
1.438148269461731577e+00 4.057458683171704661e-01
1.446533464352003584e+00 3.993512144219527049e-01
1.446533464352003584e+00 3.949884732428903811e-01
1.446533464352003584e+00 3.905270608464536108e-01
1.446533464352003584e+00 3.860031417964767120e-01
1.446533464352003584e+00 3.813765332442550227e-01
1.446533464352003584e+00 3.768535071464715891e-01
1.452123594278851515e+00 3.723733427539728247e-01
1.452123594278851515e+00 3.677096766857236854e-01
1.452123594278851515e+00 3.629076030274925868e-01
1.452123594278851515e+00 3.579358684525093537e-01
1.454918659242275369e+00 3.530096744393910191e-01
1.457713724205699446e+00 3.480772297609187604e-01
1.457713724205699446e+00 3.430061542544161624e-01
1.457713724205699446e+00 3.378761439031469638e-01
1.457713724205699446e+00 3.326840733744343415e-01
1.463303854132547155e+00 3.271406261576059182e-01
1.463303854132547155e+00 3.214551995420217301e-01
1.463303854132547155e+00 3.156266773374400980e-01
1.463303854132547155e+00 3.096282709780578402e-01
1.468893984059395086e+00 3.035307469252047086e-01
1.468893984059395086e+00 2.971693554991922115e-01
1.468893984059395086e+00 2.930242714172789920e-01
1.468893984059395086e+00 2.877737125198964185e-01
1.475415802307384228e+00 2.826213783637914201e-01
1.474484113986243017e+00 2.774730624925568767e-01
1.471689049022819162e+00 2.723533210915122238e-01
1.480074243913090948e+00 2.673204192912786992e-01
1.480074243913090948e+00 2.624069498469170370e-01
1.480074243913090948e+00 2.570112862181015978e-01
1.486596062161080090e+00 2.519951272714950341e-01
1.482869308876515024e+00 2.472196189410186262e-01
1.491254503766786810e+00 2.418757465394224260e-01
1.491254503766786810e+00 2.372679643959456630e-01
1.497776322014775952e+00 2.325372525005063584e-01
1.494049568730210664e+00 2.285430773392832238e-01
1.502434763620482672e+00 2.245688447770467500e-01
1.502434763620482672e+00 2.205533875885468675e-01
1.508024893547330603e+00 2.181665263755021011e-01
1.510819958510754457e+00 2.170640280673442613e-01
1.519205153401026243e+00 2.172686629450058804e-01
1.519205153401026243e+00 2.156919326094526856e-01
1.531317101575863315e+00 2.159987361005795414e-01
1.527590348291298250e+00 2.177287565626720711e-01
1.541565673108417966e+00 2.183647617624443482e-01
1.547155803035265897e+00 2.208101857568418591e-01
1.552745932962113828e+00 2.245694400785095413e-01
1.558336062888961759e+00 2.271369008726761562e-01
1.558336062888961759e+00 2.312941142218835344e-01
1.558336062888961759e+00 2.362791686670855651e-01
1.555540997925537683e+00 2.406597688900166399e-01
1.564857881136950901e+00 2.460278254135183917e-01
1.563926192815809690e+00 2.506152928945945546e-01
1.563926192815809690e+00 2.569773540347521368e-01
1.570448011063798832e+00 2.641323567226777080e-01
1.569516322742657399e+00 2.695626222489884705e-01
1.569516322742657399e+00 2.754076640691486833e-01
1.576038140990646763e+00 2.824093022178521539e-01
1.575106452669505330e+00 2.886153199622074061e-01
1.575106452669505330e+00 2.941873416492256643e-01
1.580696582596353261e+00 2.996254205072290677e-01
1.580696582596353261e+00 3.027587897539833484e-01
1.586286712523201192e+00 3.077901288878781560e-01
1.586286712523201192e+00 3.121111245518976007e-01
1.583491647559777338e+00 3.163234776990493380e-01
1.591876842450049123e+00 3.215844543720219328e-01
1.591876842450049123e+00 3.262142626696034609e-01
1.589081777486625269e+00 3.297064498727519943e-01
1.598398660698038265e+00 3.356523208780871625e-01
1.609578920551734127e+00 3.405139990952299467e-01
1.605852167267168840e+00 3.444254273531950905e-01
1.615169050478582058e+00 3.500685875649567347e-01
1.619827492084288778e+00 3.545043275858320575e-01
1.626349310332277920e+00 3.596081446727606989e-01
1.622622557047712633e+00 3.644936349483948734e-01
1.637529570185973782e+00 3.668145665244912923e-01
1.648709830039669422e+00 3.712236668049294641e-01
1.659890089893365284e+00 3.747576739358036702e-01
1.656163336608799996e+00 3.761990476013690743e-01
1.670138661425919935e+00 3.785079243228541834e-01
1.681318921279615575e+00 3.811632664953910066e-01
1.678523856316191720e+00 3.827083714407601422e-01
1.693430869454452647e+00 3.846670620770540339e-01
1.704611129308148509e+00 3.865428569847244034e-01
1.700884376023583444e+00 3.886029721076556531e-01
1.714859700840703161e+00 3.891788518597367186e-01
1.714859700840703161e+00 3.900001446396461624e-01
1.726039960694399023e+00 3.902570916333063522e-01
1.737220220548094662e+00 3.903967642388957993e-01
1.748400480401790524e+00 3.895812756482435746e-01
1.754922298649779666e+00 3.887397426186162686e-01
1.765170870182334317e+00 3.878471624885977964e-01
1.765170870182334317e+00 3.858811049967079687e-01
1.776351130036030179e+00 3.839403478169653994e-01
1.776351130036030179e+00 3.825965291785325406e-01
1.787531389889726041e+00 3.804237532538630173e-01
1.784736324926301965e+00 3.794141963865049760e-01
1.798711649743421681e+00 3.784308327834874364e-01
1.809891909597117543e+00 3.779705903404558809e-01
1.821072169450813405e+00 3.780361479139903724e-01
1.832252429304509267e+00 3.783810506987035360e-01
1.837842559231357198e+00 3.784891723267916896e-01
1.843432689158205129e+00 3.785786907841832694e-01
1.854612949011900769e+00 3.782683154842827467e-01
1.851817884048476914e+00 3.777290467721323153e-01
1.865793208865596631e+00 3.764894058895997264e-01
1.872315027113585995e+00 3.747170446110019149e-01
1.882563598646140424e+00 3.721813580323850568e-01
1.882563598646140424e+00 3.691448740986180699e-01
1.889085416894129787e+00 3.655401749190970162e-01
1.885358663609564278e+00 3.613940490596247446e-01
1.893743858499836286e+00 3.567511441298729657e-01
1.893743858499836286e+00 3.513806319878391982e-01
1.899333988426683995e+00 3.458294458520010384e-01
1.899333988426683995e+00 3.402176877923749898e-01
1.899333988426683995e+00 3.341524588438509746e-01
1.904924118353531926e+00 3.286892284990658997e-01
1.904924118353531926e+00 3.231672121348799775e-01
1.904924118353531926e+00 3.176983264262031592e-01
1.910514248280379856e+00 3.121897043449187170e-01
1.910514248280379856e+00 3.064082853685404784e-01
1.910514248280379856e+00 3.005625738342352360e-01
1.916104378207227787e+00 2.934912854144441363e-01
1.916104378207227787e+00 2.879523029585828731e-01
1.916104378207227787e+00 2.825432450468660650e-01
1.916104378207227787e+00 2.771453490375671014e-01
1.922626196455217151e+00 2.716103848665763487e-01
1.921694508134075718e+00 2.661039951657754865e-01
1.921694508134075718e+00 2.608168252284621125e-01
1.927284638060923649e+00 2.556211828909756845e-01
1.927284638060923649e+00 2.505889508048873560e-01
1.927284638060923649e+00 2.456732489800419750e-01
1.930079703024347504e+00 2.408316621872514107e-01
1.933806456308913013e+00 2.359030125556012547e-01
1.932874767987771580e+00 2.308493496168705361e-01
1.932874767987771580e+00 2.257559503055321104e-01
1.930079703024347504e+00 2.205129815017937700e-01
1.939396586235760944e+00 2.140944411354016030e-01
1.938464897914619511e+00 2.084983097391606977e-01
1.938464897914619511e+00 2.028780686336971173e-01
1.944986716162608875e+00 1.970165071979584348e-01
1.944055027841467442e+00 1.903445916466798560e-01
1.950576846089456806e+00 1.840218204030333038e-01
1.949645157768315373e+00 1.794124755932181015e-01
1.949645157768315373e+00 1.739428457577134324e-01
1.955235287695163082e+00 1.682225940065854575e-01
1.955235287695163082e+00 1.627825804188296754e-01
1.958030352658587159e+00 1.576448311485507681e-01
1.961757105943152446e+00 1.530180737709635752e-01
1.960825417622011013e+00 1.486364317704735594e-01
1.966415547548858944e+00 1.446938990111039380e-01
1.969210612512283021e+00 1.408259277598858661e-01
1.972937365796848308e+00 1.371276174254200675e-01
1.983185937329402737e+00 1.336101299101242201e-01
1.988776067256250668e+00 1.304913455491959751e-01
1.999956327109946530e+00 1.269702862251264885e-01
2.006478145357935894e+00 1.240693821993957696e-01
2.016726716890489879e+00 1.205563594450670961e-01
2.022316846817338032e+00 1.194233519369670288e-01
2.033497106671033894e+00 1.174097447407770056e-01
2.039087236597881603e+00 1.164718472869418486e-01
2.050267496451577465e+00 1.153412209846909064e-01
2.061447756305273327e+00 1.160008894175891536e-01
2.072628016158969189e+00 1.163571029300859427e-01
2.069832951195545334e+00 1.170435599287871359e-01
2.084739964333806483e+00 1.189597609232103115e-01
2.081013211049241196e+00 1.209870600530330992e-01
2.095920224187502345e+00 1.234873261946438511e-01
2.092193470902936614e+00 1.275114152543470047e-01
2.107100484041198207e+00 1.308265002724648685e-01
2.103373730756632476e+00 1.345454229200625240e-01
2.117349055573752636e+00 1.392876687813336956e-01
2.114553990610328338e+00 1.434090896301209450e-01
2.123870873821741778e+00 1.485203479853280384e-01
2.135051133675437640e+00 1.525564918996425712e-01
2.131324380390872353e+00 1.567872993921252678e-01
2.139709575281143916e+00 1.609372947111024077e-01
2.146231393529133502e+00 1.643916802713956404e-01
2.142504640244568215e+00 1.686131117658473677e-01
2.150889835134839778e+00 1.730306950921230158e-01
2.156479965061687931e+00 1.771300897868056945e-01
2.153684900098263633e+00 1.806096268338806543e-01
2.163001783309677073e+00 1.855007724734066277e-01
2.159275030025111786e+00 1.887223951619451667e-01
2.173250354842231502e+00 1.923456975121627388e-01
2.170455289878807648e+00 1.973404256061268569e-01
2.178840484769079211e+00 2.007425734631043679e-01
2.184430614695927364e+00 2.056926539473969417e-01
2.190952432943916506e+00 2.099810568563560687e-01
2.187225679659351218e+00 2.140618483803421457e-01
2.195610874549623226e+00 2.179484228022566805e-01
2.202132692797612368e+00 2.218644646465545711e-01
2.198405939513047080e+00 2.256092829077617212e-01
2.206791134403319088e+00 2.306073595724512093e-01
2.212381264330166797e+00 2.336485315052336531e-01
2.209586199366742942e+00 2.376023005797040510e-01
2.217971394257014950e+00 2.417337671406673549e-01
2.215176329293590651e+00 2.453683058059855926e-01
2.224493212505004092e+00 2.500011650235613447e-01
2.220766459220438804e+00 2.537370537628341749e-01
2.230083342431851801e+00 2.564366714816286308e-01
2.240331913964406230e+00 2.609467497726074003e-01
2.240331913964406230e+00 2.646848708923638660e-01
2.237536849000982375e+00 2.675117342987225477e-01
2.245922043891254383e+00 2.722740715843458559e-01
2.251512173818102092e+00 2.765167106933916208e-01
2.248717108854678237e+00 2.804622943727554940e-01
2.258033992066091677e+00 2.849314456882018898e-01
2.254307238781526390e+00 2.887787302136053946e-01
2.262692433671797954e+00 2.935831106650028666e-01
2.269214251919787539e+00 2.973108884218518821e-01
2.265487498635221808e+00 3.016539846526588575e-01
2.273872693525493816e+00 3.063728649315351493e-01
2.280394511773483401e+00 3.094762458671266314e-01
2.276667758488917670e+00 3.117809554783755877e-01
2.291574771627178819e+00 3.142792868902338776e-01
2.287848018342613532e+00 3.160108700186649022e-01
2.301823343159733248e+00 3.157521371206177818e-01
2.307413473086581401e+00 3.148739930510597307e-01
2.313003603013429110e+00 3.122289942414302466e-01
2.318593732940277263e+00 3.094311517813580492e-01
2.318593732940277263e+00 3.063527735071826519e-01
2.324183862867124972e+00 3.019649552540212278e-01
2.326978927830548827e+00 2.984145773329339724e-01
2.330705681115114558e+00 2.951247926269633393e-01
2.336295811041962267e+00 2.910195937430234969e-01
2.346544382574516696e+00 2.880235158960093300e-01
2.352134512501364405e+00 2.842523555450958694e-01
2.363314772355060267e+00 2.816873503694612979e-01
2.360519707391636413e+00 2.793393325768308011e-01
2.374495032208756129e+00 2.770808332415919950e-01
2.385675292062451991e+00 2.748542569472681163e-01
2.391265421989300144e+00 2.718365250095632901e-01
2.397787240237289286e+00 2.689607724706142289e-01
2.408035811769843715e+00 2.661019860233403977e-01
2.408035811769843715e+00 2.632431995760666221e-01
2.413625941696691424e+00 2.591967867115275714e-01
2.416421006660115722e+00 2.554655859712702815e-01
2.419216071623539577e+00 2.515426237474733262e-01
2.424806201550387286e+00 2.472095732288425163e-01
2.431328019798376872e+00 2.431330232277752190e-01
2.435986461404083148e+00 2.388403787958973679e-01
2.438781526367507002e+00 2.353344252464333319e-01
2.441576591330931301e+00 2.320090712780910613e-01
2.444371656294355155e+00 2.285594548942893600e-01
2.447166721257779010e+00 2.250908813158115085e-01
2.449961786221202864e+00 2.215750173499582143e-01
2.453688539505768595e+00 2.179835298040262714e-01
2.458346981111474872e+00 2.142880854853124739e-01
2.461142046074898726e+00 2.104603512011135880e-01
2.463937111038323025e+00 2.064719937587263798e-01
2.466732176001746879e+00 2.022946799654475880e-01
2.470458929286312166e+00 1.979000766285740343e-01
2.480707500818866595e+00 1.932598505554024571e-01
