NaHCO3 brine at 100K NIR reflectance spectra from Dalton (2005)
Digitized 2/28/2021 by Ryleigh Davis
Wavelength (um)          Reflectance (assumed offset of 0.1)
7.124435727405746821e-01 7.273712953358688615e-01
7.096541203573986101e-01 7.250826861375014865e-01
7.236013822732791922e-01 7.227903736880039176e-01
7.347591918059837024e-01 7.205165774941566514e-01
7.459170013386881015e-01 7.182835170627399624e-01
7.431275489555120295e-01 7.161134119005360121e-01
7.570748108713925006e-01 7.142062375685630515e-01
7.542853584882165396e-01 7.122361079673792394e-01
7.682326204040970108e-01 7.105344640731238171e-01
7.654431680209209388e-01 7.083847267921330459e-01
7.793904299368015209e-01 7.059387294207387642e-01
7.905482394695060311e-01 7.028779923617571868e-01
7.961271442358581751e-01 6.999913081058876108e-01
8.072849537685626853e-01 6.969972295672466345e-01
8.184427633012671954e-01 6.942994111190092799e-01
8.296005728339715946e-01 6.911497960329063828e-01
8.407583823666759937e-01 6.881310291533987433e-01
8.519161918993805038e-01 6.847135455688893035e-01
8.630740014320850140e-01 6.812361927577775811e-01
8.695827236594959597e-01 6.771823671874223072e-01
8.798107157311416682e-01 6.732927190838322584e-01
8.798107157311416682e-01 6.694709639176263938e-01
8.909685252638461783e-01 6.659578130122577599e-01
8.909685252638461783e-01 6.630606362115196717e-01
9.021263347965505774e-01 6.602628299827710823e-01
8.993368824133745054e-01 6.574168814893318613e-01
9.132841443292549766e-01 6.548301605749958787e-01
9.244419538619594867e-01 6.520008767116419746e-01
9.300208586283117418e-01 6.491938123550683448e-01
9.411786681610161409e-01 6.462052886931224371e-01
9.523364776937206511e-01 6.432019520266565316e-01
9.579153824600727951e-01 6.386413982600066541e-01
9.690731919927773053e-01 6.350733157962089592e-01
9.802310015254818154e-01 6.304146258746132769e-01
9.802310015254818154e-01 6.268169174017750311e-01
9.858099062918339595e-01 6.233469710929232521e-01
9.885993586750101425e-01 6.198548052772914208e-01
9.913888110581863256e-01 6.160774891246462159e-01
9.941782634413622866e-01 6.120724230275031985e-01
9.969677158245384696e-01 6.080006984100193579e-01
1.002546620590890836e+00 6.031883235665267406e-01
1.002546620590890836e+00 5.970594429463031982e-01
1.008125525357242980e+00 5.917156515656489812e-01
1.013704430123595124e+00 5.847794621990759500e-01
1.019283334889947490e+00 5.791986627460988801e-01
1.024862239656299634e+00 5.723735709134271099e-01
1.030441144422651778e+00 5.670001535237327861e-01
1.036020049189004144e+00 5.614952707189218017e-01
1.047177858721708654e+00 5.577809098354872264e-01
1.052756763488060798e+00 5.564625524331915374e-01
1.063914573020765308e+00 5.584425573707220147e-01
1.061125120637589125e+00 5.616063682528232848e-01
1.069493477787117452e+00 5.663354199458899840e-01
1.076002200014528398e+00 5.712706192851958464e-01
1.086230192086174107e+00 5.753528364475481993e-01
1.083440739702998146e+00 5.772840819118661981e-01
1.097388001618878617e+00 5.778216705342443804e-01
1.102966906385230983e+00 5.752300119517349541e-01
1.114124715917935271e+00 5.712940732090193707e-01
1.125282525450639781e+00 5.673038201163964622e-01
1.131791247678050727e+00 5.637240106906867831e-01
1.142019239749696435e+00 5.593436818123659338e-01
1.142019239749696435e+00 5.557793025996982106e-01
1.150387596899224762e+00 5.520180338686163646e-01
1.153177049282400946e+00 5.479191520761789169e-01
1.158755954048753090e+00 5.434271084554350706e-01
1.164334858815105456e+00 5.382906991380633777e-01
1.169913763581457600e+00 5.330043081499249435e-01
1.169913763581457600e+00 5.273587018021723694e-01
1.175492668347809966e+00 5.217390182123298192e-01
1.181071573114162110e+00 5.156230989710616219e-01
1.181071573114162110e+00 5.088276331474300695e-01
1.187580295341573056e+00 5.020062445658883821e-01
1.193159200107925200e+00 4.947886081134316716e-01
1.197808287413218764e+00 4.877727988475625831e-01
1.203387192179571130e+00 4.814365361640566832e-01
1.200597739796394947e+00 4.756557611500574212e-01
1.208966096945923274e+00 4.701416202174212855e-01
1.206176644562747091e+00 4.656347635921571082e-01
1.214545001712275418e+00 4.613056630211352926e-01
1.220123906478627784e+00 4.569561945688981885e-01
1.220123906478627784e+00 4.520808644561946088e-01
1.228492263628156111e+00 4.472425668547915789e-01
1.231281716011332295e+00 4.418574225031854374e-01
1.236860620777684439e+00 4.360698581954476905e-01
1.242439525544036583e+00 4.306242274087173083e-01
1.248948247771447528e+00 4.254168391113531955e-01
1.259176239843093237e+00 4.199773804098397290e-01
1.270334049375797747e+00 4.162982004121406621e-01
1.281491858908502257e+00 4.118043051658317744e-01
1.292649668441206767e+00 4.099841572354150365e-01
1.298228573207558911e+00 4.080442708517935113e-01
1.310316200201322001e+00 4.087830694522373576e-01
1.306596930357087238e+00 4.097551728738741406e-01
1.321474009734026511e+00 4.120715564557169142e-01
1.317754739889791749e+00 4.158025819692367508e-01
1.332631819266731021e+00 4.198150545686397117e-01
1.328912549422496259e+00 4.228183912351057838e-01
1.342859811338376730e+00 4.242750033462565074e-01
1.354017620871081240e+00 4.231973572674134765e-01
1.365175430403785750e+00 4.221234144397005839e-01
1.376333239936490260e+00 4.183738726705306110e-01
1.382841962163900984e+00 4.149921871802782491e-01
1.390280501852370731e+00 4.097730719210023742e-01
1.393069954235546914e+00 4.050977173693212641e-01
1.398648859001899059e+00 4.003606419654727744e-01
1.404227763768251425e+00 3.956451688598829897e-01
1.404227763768251425e+00 3.903865522552198986e-01
1.409806668534603569e+00 3.845465252231398123e-01
1.415385573300955713e+00 3.791508883266651586e-01
1.415385573300955713e+00 3.735330563623878164e-01
1.421894295528366658e+00 3.679763280417561178e-01
1.418175025684131896e+00 3.622825794293128010e-01
1.426543382833660223e+00 3.564055198859323315e-01
1.426543382833660223e+00 3.504858729545562990e-01
1.432122287600012589e+00 3.444662382426691427e-01
1.432122287600012589e+00 3.383743901337460946e-01
1.437701192366364733e+00 3.319196234140787127e-01
1.437701192366364733e+00 3.255648444749225101e-01
1.443280097132716877e+00 3.191767362755958404e-01
1.443280097132716877e+00 3.123923802053545362e-01
1.448859001899069243e+00 3.057154184178844658e-01
1.448859001899069243e+00 2.993421232230780715e-01
1.454437906665421387e+00 2.934150697894420401e-01
1.454437906665421387e+00 2.876250366476175713e-01
1.451648454282245204e+00 2.821145989661115738e-01
1.460016811431773531e+00 2.769078278772690860e-01
1.460016811431773531e+00 2.713973901957630330e-01
1.465595716198125897e+00 2.653666457304857396e-01
1.465595716198125897e+00 2.585582185278990086e-01
1.472104438425536621e+00 2.509572955834828978e-01
1.477683343191888987e+00 2.432761355312491047e-01
1.482332430497182552e+00 2.362609434739016412e-01
1.487911335263534696e+00 2.307597639202207118e-01
1.494420057490945641e+00 2.264689302775426127e-01
1.504648049562591350e+00 2.236772961340108279e-01
1.515805859095295860e+00 2.221089692804371074e-01
1.526963668628000370e+00 2.209825637283819866e-01
1.538121478160704880e+00 2.213627641777332622e-01
1.549279287693409390e+00 2.212627763972220829e-01
1.560437097226113679e+00 2.213220284153028516e-01
1.571594906758818189e+00 2.227872814457570738e-01
1.582752716291522699e+00 2.244160947344549517e-01
1.579963263908346516e+00 2.271398359406026357e-01
1.594840343285285789e+00 2.301900804547158674e-01
1.605068335356931497e+00 2.325169565814270978e-01
1.602278882973755536e+00 2.340649155537856407e-01
1.616226144889636007e+00 2.343525347248856805e-01
1.627383954422340517e+00 2.333538913368170264e-01
1.627383954422340517e+00 2.308060545593464408e-01
1.638541763955045028e+00 2.269917058954007416e-01
1.638541763955045028e+00 2.241068732650962070e-01
1.649699573487749538e+00 2.230316960203400090e-01
1.660857383020453826e+00 2.230020700112997079e-01
1.658067930637277865e+00 2.259622020812486198e-01
1.667366105247864771e+00 2.288297528729463515e-01
1.678523914780569282e+00 2.339081445892805811e-01
1.674804644936334519e+00 2.381977438149153747e-01
1.689681724313273792e+00 2.421022049230255324e-01
1.685962454469039029e+00 2.460807310537365122e-01
1.699909716384919500e+00 2.486409120016404573e-01
1.697120264001743317e+00 2.518540995654756642e-01
1.711067525917624010e+00 2.556530180163795740e-01
1.722225335450328521e+00 2.577805357905900707e-01
1.733383144983032809e+00 2.601302486326032004e-01
1.744540954515737319e+00 2.603579985771009575e-01
1.755698764048441829e+00 2.606375940374192623e-01
1.766856573581146339e+00 2.585952510391997250e-01
1.778014383113850849e+00 2.562825707084869786e-01
1.789172192646555137e+00 2.536625205339805289e-01
1.800330002179259647e+00 2.509628504601781329e-01
1.797540549796083464e+00 2.484483429428779866e-01
1.811487811711964158e+00 2.454283416463267364e-01
1.822645621244668668e+00 2.424947495428098898e-01
1.828224526011020812e+00 2.388439611371077631e-01
1.839382335543725322e+00 2.356795330464848126e-01
1.845891057771136268e+00 2.324978231172549759e-01
1.856119049842781976e+00 2.288025956979922726e-01
1.856119049842781976e+00 2.250919380656877800e-01
1.864487406992310303e+00 2.212158685495746457e-01
1.867276859375486486e+00 2.168281331689937141e-01
1.872855764141838630e+00 2.121250042338372888e-01
1.878434668908190996e+00 2.068423164968288819e-01
1.884013573674543141e+00 2.014263117191389119e-01
1.889592478440895285e+00 1.955696200569736476e-01
1.889592478440895285e+00 1.901906477905841997e-01
1.895171383207247651e+00 1.846079967120422549e-01
1.900750287973599795e+00 1.785846587490250159e-01
1.906329192739952161e+00 1.723669001016804592e-01
1.911908097506304305e+00 1.663725709391818963e-01
1.917487002272656449e+00 1.602498624041751585e-01
1.923065907039008815e+00 1.547116503391937625e-01
1.929574629266419761e+00 1.497468249908475713e-01
1.939802621338065469e+00 1.454090835005222571e-01
1.939802621338065469e+00 1.415947348365765301e-01
1.950960430870769979e+00 1.379260473837458922e-01
1.962118240403474267e+00 1.345511511872321542e-01
1.973276049936178778e+00 1.314700462470352604e-01
1.984433859468883288e+00 1.287592664198427550e-01
1.995591669001587798e+00 1.268446855856098232e-01
2.006749478534292308e+00 1.254189339005427617e-01
2.017907288066996596e+00 1.247153161858343406e-01
2.029065097599701328e+00 1.245283020037670912e-01
2.040222907132405616e+00 1.247338324414845739e-01
2.051380716665110349e+00 1.253195633285533184e-01
2.062538526197814637e+00 1.260361424222169180e-01
2.073696335730518925e+00 1.274489327283289120e-01
2.085783962724282237e+00 1.295579342468892448e-01
2.096941772256986969e+00 1.323779599824180808e-01
2.108099581789691257e+00 1.354720263015702086e-01
2.118327573861336965e+00 1.389759190791138854e-01
2.129485383394041254e+00 1.426267074848159566e-01
2.140643192926745986e+00 1.463132939847751335e-01
2.152730819920509298e+00 1.490740677022232008e-01
2.162958811992155006e+00 1.512324459025173873e-01
2.174116621524859294e+00 1.521638135617235099e-01
2.185274431057563582e+00 1.524162518470882077e-01
2.196432240590268314e+00 1.517397913073334215e-01
2.207590050122972603e+00 1.506028932104097606e-01
2.218747859655676891e+00 1.488919911883292702e-01
2.229905669188381623e+00 1.472218249286792180e-01
2.241063478721085911e+00 1.453572379847017926e-01
2.252221288253790643e+00 1.433426693699575982e-01
2.263379097786494931e+00 1.408226069759623833e-01
2.274536907319199219e+00 1.380507235051241233e-01
2.280115812085551585e+00 1.346492873421783476e-01
2.291273621618256318e+00 1.311811926588917765e-01
2.296852526384608240e+00 1.271113196669729772e-01
2.308010335917312972e+00 1.237598773942828190e-01
2.319168145450017260e+00 1.207195082165163774e-01
2.330325954982721548e+00 1.180827934119247080e-01
2.327536502599545809e+00 1.157367838210415917e-01
2.341483764515426280e+00 1.139166358906247567e-01
2.352641574048130568e+00 1.125686524792885862e-01
2.363799383580835300e+00 1.108670085850331777e-01
2.374957193113539589e+00 1.095208767992620347e-01
2.386115002646243877e+00 1.074970500566927861e-01
2.397272812178948609e+00 1.053991582915226322e-01
2.402851716945300531e+00 1.037863924243882519e-01
2.414009526478005263e+00 1.019736509962315130e-01
2.411220074094829080e+00 1.003892767210941700e-01
2.425167336010709551e+00 9.789081662535756290e-02
2.436325145543414283e+00 9.596142278660442504e-02
2.448412772537177151e+00 9.390488399238644535e-02
2.458640764608823304e+00 9.150085680046581016e-02
2.458640764608823304e+00 8.929094168861183289e-02
2.469798574141527592e+00 8.745752377497904850e-02
2.469798574141527592e+00 8.618298817772213072e-02
2.480956383674231880e+00 8.564972001499579490e-02
