NaOCl brine, frozen & cushed NIR reflectance spectra at at 77K digitized from Brown & Hand (2013)
Grain size b/w <63 um - 600 um (unclear which grain size bin is plotted)
Digitized 2/28/2021 by Ryleigh Davis
Wavelength (um)          Relative Reflectance (1 at 1.8 um)
1.401849224366250368e+00 2.141480493608177937e+00
1.406086833144154280e+00 2.063646862993616438e+00
1.408205637533106014e+00 1.985813232379055160e+00
1.408205637533106014e+00 1.963575052203466287e+00
1.408205637533106014e+00 1.941336872027877192e+00
1.408205637533106014e+00 1.919098691852288319e+00
1.410324441922058192e+00 1.856090514688119697e+00
1.412443246311009926e+00 1.781963247436156417e+00
1.414562050699961882e+00 1.715248706909389576e+00
1.414562050699961882e+00 1.693010526733800480e+00
1.414562050699961882e+00 1.670772346558211607e+00
1.414562050699961882e+00 1.650387348063921733e+00
1.418799659477865793e+00 1.548462355592472361e+00
1.418799659477865793e+00 1.526224175416883266e+00
1.420918463866817749e+00 1.470628724977910862e+00
1.420918463866817749e+00 1.426152364626732894e+00
1.423037268255769705e+00 1.363144187462564272e+00
1.425156072644721661e+00 1.292723283573199211e+00
1.427274877033673617e+00 1.237127833134226806e+00
1.429393681422625573e+00 1.185238746057852621e+00
1.431512485811577529e+00 1.129643295618880217e+00
1.433631290200529484e+00 1.048103301641720497e+00
1.435750094589481440e+00 9.999205779279445316e-01
1.437868898978433396e+00 9.739760343897572170e-01
1.439987703367385352e+00 9.294996740385794709e-01
1.439987703367385352e+00 9.091146755442895966e-01
1.442106507756337308e+00 8.850233136874017248e-01
1.444225312145289264e+00 8.590787701492144102e-01
1.446344116534241220e+00 8.108960464354382225e-01
1.448462920923193176e+00 7.886578662598493494e-01
1.450581725312145132e+00 7.553005959964660398e-01
1.452700529701097087e+00 7.182369623704842887e-01
1.454819334090049043e+00 6.885860554696989766e-01
1.456938138479000999e+00 6.626415119315121061e-01
1.459056942867952955e+00 6.404033317559227889e-01
1.463294551645856867e+00 6.070460614925394793e-01
1.465413356034808823e+00 5.885142446795486038e-01
1.467532160423760779e+00 5.662760645039597307e-01
1.469650964812712512e+00 5.514506110535672967e-01
1.471769769201664690e+00 5.403315209657724161e-01
1.473888573590616424e+00 5.255060675153799821e-01
1.477066780174044469e+00 5.106806140649871040e-01
1.480244986757472292e+00 4.977083422958936687e-01
1.483423193340900337e+00 4.847360705268002334e-01
1.487660802118804249e+00 4.717637987577067982e-01
1.492957813091184027e+00 4.606447086699123616e-01
1.499314226258039895e+00 4.526142547176164044e-01
1.505670639424895763e+00 4.489078913550179628e-01
1.512027052591751630e+00 4.476724369008184823e-01
1.518383465758607498e+00 4.495256185821174810e-01
1.524739878925463366e+00 4.513788002634169239e-01
1.531096292092319011e+00 4.513788002634169239e-01
1.537452705259175101e+00 4.513788002634169239e-01
1.543809118426030746e+00 4.513788002634169239e-01
1.550165531592886614e+00 4.513788002634169239e-01
1.556521944759742482e+00 4.489078913550179628e-01
1.562878357926598349e+00 4.476724369008184823e-01
1.569234771093454217e+00 4.489078913550179628e-01
1.575591184260310085e+00 4.544674363989154031e-01
1.581947597427165952e+00 4.643510720325103591e-01
1.587244608399545731e+00 4.745435712796552963e-01
1.591482217177449643e+00 4.838094796861507341e-01
1.595719825955353555e+00 4.940019789332956712e-01
1.599957434733257466e+00 5.051210690210901078e-01
1.604195043511161378e+00 5.199465224714825418e-01
1.608432652289065290e+00 5.329187942405764211e-01
1.613729663261445069e+00 5.452733387825703382e-01
1.620086076428300936e+00 5.502151565993673721e-01
1.625383087400680715e+00 5.449644751690203570e-01
1.629620696178584627e+00 5.347719759218754199e-01
1.633858304956488539e+00 5.199465224714825418e-01
1.638095913734392450e+00 5.051210690210901078e-01
1.641274120317820495e+00 4.921487972519966725e-01
1.644452326901248318e+00 4.791765254829027931e-01
1.649749337873628097e+00 4.662042537138093579e-01
1.655046348846008097e+00 4.634244811918608598e-01
1.659283957623912009e+00 4.745435712796552963e-01
1.663168432336990632e+00 4.921487972519966725e-01
1.664580968596291788e+00 5.069742507023891065e-01
1.666699772985243744e+00 5.255060675153799821e-01
1.666699772985243744e+00 5.162401591088845443e-01
1.668818577374195700e+00 5.440378843283708576e-01
1.668818577374195700e+00 5.347719759218754199e-01
1.670937381763147656e+00 5.662760645039597307e-01
1.670937381763147656e+00 5.551569744161652942e-01
1.673056186152099611e+00 5.885142446795486038e-01
1.673056186152099611e+00 5.773951545917541672e-01
1.675174990541051567e+00 6.144587882177359184e-01
1.675174990541051567e+00 6.033396981299414819e-01
1.678353197124479390e+00 6.404033317559227889e-01
1.677293794930003523e+00 6.255778783055303549e-01
1.679412599318955479e+00 6.626415119315121061e-01
1.679412599318955479e+00 6.515224218437172254e-01
1.682590805902383302e+00 6.885860554696989766e-01
1.681531403707907435e+00 6.737606020193065426e-01
1.683650208096859391e+00 7.108242356452878496e-01
1.683650208096859391e+00 6.997051455574934131e-01
1.685769012485811347e+00 7.330624158208771668e-01
1.685769012485811347e+00 7.219433257330822862e-01
1.687887816874763303e+00 7.553005959964660398e-01
1.687887816874763303e+00 7.441815059086716033e-01
1.690006621263715259e+00 7.775387761720549129e-01
1.690006621263715259e+00 7.664196860842604764e-01
1.692125425652667214e+00 7.997769563476437860e-01
1.692125425652667214e+00 7.886578662598493494e-01
1.694244230041619170e+00 8.183087731606346615e-01
1.694244230041619170e+00 8.090428647541392237e-01
1.696363034430571126e+00 8.405469533362235346e-01
1.696363034430571126e+00 8.312810449297280968e-01
1.698481838819523082e+00 8.590787701492144102e-01
1.698481838819523082e+00 8.498128617427189724e-01
1.700600643208475038e+00 8.776105869622052857e-01
1.700600643208475038e+00 8.683446785557098480e-01
1.702719447597426994e+00 8.961424037751961613e-01
1.702719447597426994e+00 8.868764953687007235e-01
1.704838251986378950e+00 9.146742205881870369e-01
1.704838251986378950e+00 9.054083121816915991e-01
1.708016458569806773e+00 9.369124007637759100e-01
1.706957056375330684e+00 9.239401289946820306e-01
1.710135262958758728e+00 9.517378542141683440e-01
1.712254067347710684e+00 9.665633076645612221e-01
1.714372871736662640e+00 9.813887611149536561e-01
1.715432273931138507e+00 9.925078512027480926e-01
1.717551078320090685e+00 1.003626941290542529e+00
1.719669882709042419e+00 1.014746031378336966e+00
1.721788687097994375e+00 1.025865121466131846e+00
1.723907491486946331e+00 1.036984211553926061e+00
1.727085698070374375e+00 1.049956483323019718e+00
1.732382709042754154e+00 1.064781936773412374e+00
1.738739122209610022e+00 1.072812390725708109e+00
1.745095535376465889e+00 1.070959209044409111e+00
1.750392546348845890e+00 1.064781936773412374e+00
1.755689557321225669e+00 1.053662846685617938e+00
1.760986568293605448e+00 1.041617165757173780e+00
1.765224177071509359e+00 1.033277848191328063e+00
1.770521188043889360e+00 1.022158758103533405e+00
1.776877601210745006e+00 1.012892849697037967e+00
1.783234014377601095e+00 1.004862395744742010e+00
1.789590427544456741e+00 1.001156032382144012e+00
1.795946840711312609e+00 9.999205779279445316e-01
1.802303253878168476e+00 1.002391486836343049e+00
1.808659667045024344e+00 1.008568759107340451e+00
1.815016080211880212e+00 1.014746031378336966e+00
1.821372493378735857e+00 1.022776485330632923e+00
1.827728906545591947e+00 1.031424666510028842e+00
1.834085319712447593e+00 1.032660120964228323e+00
1.840441732879303682e+00 1.030806939282929324e+00
1.845738743851683461e+00 1.024011939784832403e+00
1.849976352629587151e+00 1.012892849697037967e+00
1.853154559213015196e+00 9.999205779279445316e-01
1.855273363601967151e+00 9.888014878401500951e-01
1.857392167990919107e+00 9.739760343897572170e-01
1.859510972379871063e+00 9.591505809393647830e-01
1.861629776768823019e+00 9.443251274889719049e-01
1.863748581157774975e+00 9.332060374011774684e-01
1.863748581157774975e+00 9.220869473133830319e-01
1.865867385546726931e+00 9.109678572255885953e-01
1.865867385546726931e+00 9.017019488190931575e-01
1.867986189935678887e+00 8.924360404125977198e-01
1.867986189935678887e+00 8.776105869622052857e-01
1.870104994324630843e+00 8.664914968744108492e-01
1.870104994324630843e+00 8.516660434240179711e-01
1.872223798713582799e+00 8.405469533362235346e-01
1.872223798713582799e+00 8.257214998858311006e-01
1.874342603102534754e+00 8.146024097980366641e-01
1.874342603102534754e+00 8.034833197102422275e-01
1.874342603102534754e+00 7.942174113037467897e-01
1.876461407491486710e+00 7.849515028972513520e-01
1.876461407491486710e+00 7.738324128094569154e-01
1.876461407491486710e+00 7.645665044029614776e-01
1.878580211880438444e+00 7.553005959964660398e-01
1.878580211880438444e+00 7.441815059086716033e-01
1.878580211880438444e+00 7.349155975021761655e-01
1.880699016269390622e+00 7.219433257330822862e-01
1.880699016269390622e+00 7.071178722826898522e-01
1.882817820658342356e+00 6.922924188322969741e-01
1.882817820658342356e+00 6.811733287445025375e-01
1.882817820658342356e+00 6.719074203380070998e-01
1.884936625047294534e+00 6.626415119315121061e-01
1.884936625047294534e+00 6.515224218437172254e-01
1.884936625047294534e+00 6.422565134372222317e-01
1.887055429436246268e+00 6.329906050307267940e-01
1.887055429436246268e+00 6.218715149429323574e-01
1.887055429436246268e+00 6.126056065364369196e-01
1.889174233825198446e+00 5.996333347673430403e-01
1.889174233825198446e+00 5.848078813169506063e-01
1.891293038214150179e+00 5.736887912291561697e-01
1.891293038214150179e+00 5.588633377787632917e-01
1.893411842603102357e+00 5.477442476909688551e-01
1.893411842603102357e+00 5.329187942405764211e-01
1.895530646992054091e+00 5.217997041527819846e-01
1.895530646992054091e+00 5.106806140649871040e-01
1.897649451381006269e+00 4.995615239771926674e-01
1.897649451381006269e+00 4.884424338893982309e-01
1.899768255769958003e+00 4.773233438016037944e-01
1.899768255769958003e+00 4.680574353951083566e-01
1.901887060158910181e+00 4.550851636260149213e-01
1.904005864547861915e+00 4.439660735382204848e-01
1.905065266742338004e+00 4.319203926097765489e-01
1.907184071131289960e+00 4.180215300000331702e-01
1.911421679909193649e+00 3.994897131870422946e-01
1.915659288687097561e+00 3.828110780553508619e-01
1.919896897465001473e+00 3.716919879675564253e-01
1.925193908437381474e+00 3.605728978797619888e-01
1.931550321604237341e+00 3.519247167003660692e-01
1.937906734771093209e+00 3.451297172022695925e-01
1.944263147937948855e+00 3.389524449312726340e-01
1.950619561104804944e+00 3.352460815686741924e-01
1.956975974271660590e+00 3.321574454331761572e-01
1.963332387438516680e+00 3.290688092976776780e-01
1.969688800605372325e+00 3.253624459350792364e-01
1.976045213772228193e+00 3.241269914808797559e-01
1.982401626939084061e+00 3.216560825724812389e-01
1.988758040105939928e+00 3.191851736640827220e-01
1.995114453272795796e+00 3.179497192098827973e-01
2.001470866439651441e+00 3.167142647556833168e-01
2.007827279606507531e+00 3.142433558472847999e-01
2.014183692773363177e+00 3.142433558472847999e-01
2.020540105940219267e+00 3.142433558472847999e-01
2.026896519107074912e+00 3.142433558472847999e-01
2.033252932273931002e+00 3.142433558472847999e-01
2.039609345440786647e+00 3.130079013930853193e-01
2.045965758607642293e+00 3.105369924846868024e-01
2.052322171774498383e+00 3.105369924846868024e-01
2.058678584941354028e+00 3.105369924846868024e-01
2.065034998108210118e+00 3.105369924846868024e-01
2.071391411275065764e+00 3.111547197117863206e-01
2.077747824441921853e+00 3.123901741659858011e-01
2.084104237608777499e+00 3.142433558472847999e-01
2.090460650775633589e+00 3.167142647556833168e-01
2.096817063942489234e+00 3.191851736640827220e-01
2.103173477109344880e+00 3.235092642537802377e-01
2.109529890276200970e+00 3.303042637518771585e-01
2.115886303443057059e+00 3.370992632499731911e-01
2.122242716609912705e+00 3.476006261106681094e-01
2.127539727582292706e+00 3.568665345171635472e-01
2.131777336360196173e+00 3.661324429236589850e-01
2.136014945138100529e+00 3.763249421708039222e-01
2.140252553916003997e+00 3.874440322585983587e-01
2.144490162693908353e+00 3.994897131870422946e-01
2.148727771471811820e+00 4.124619849561361740e-01
2.152965380249715732e+00 4.263608475658791086e-01
2.156143586833143999e+00 4.347001651317250470e-01
2.159321793416571822e+00 4.467458460601689829e-01
2.163559402194475734e+00 4.606447086699123616e-01
2.167797010972379645e+00 4.754701621203047956e-01
2.172034619750283557e+00 4.921487972519966725e-01
2.176272228528187469e+00 5.069742507023891065e-01
2.180509837306090937e+00 5.236528858340809833e-01
2.184747446083995293e+00 5.384783392844734173e-01
2.187925652667423115e+00 5.514506110535672967e-01
2.191103859250850938e+00 5.644228828226607320e-01
2.194282065834278761e+00 5.773951545917541672e-01
2.197460272417706584e+00 5.903674263608476025e-01
2.200638479001134851e+00 6.033396981299414819e-01
2.203816685584562673e+00 6.163119698990349171e-01
2.208054294362466585e+00 6.329906050307267940e-01
2.211232500945894408e+00 6.459628767998202292e-01
2.213351305334846586e+00 6.552287852063156670e-01
2.216529511918274409e+00 6.682010569754091023e-01
2.219707718501702232e+00 6.793201470632035388e-01
2.222885925085130054e+00 6.922924188322969741e-01
2.227123533863033966e+00 7.061912814420403528e-01
2.231361142640937878e+00 7.200901440517832874e-01
2.235598751418841790e+00 7.302826432989282246e-01
2.240895762391221790e+00 7.404751425460731618e-01
2.247252175558077880e+00 7.478878692712696008e-01
2.253608588724933526e+00 7.466524148170701203e-01
2.258905599697313527e+00 7.404751425460731618e-01
2.263143208475216994e+00 7.293560524582787252e-01
2.266321415058644817e+00 7.200901440517832874e-01
2.268440219447596995e+00 7.108242356452878496e-01
2.270559023836549173e+00 7.015583272387924119e-01
2.272677828225500907e+00 6.922924188322969741e-01
2.274796632614452641e+00 6.811733287445025375e-01
2.276915437003404818e+00 6.700542386567081010e-01
2.279034241392356996e+00 6.589351485689136645e-01
2.281153045781308730e+00 6.441096951185212305e-01
2.283271850170260464e+00 6.329906050307267940e-01
2.285390654559212642e+00 6.218715149429323574e-01
2.287509458948164820e+00 6.070460614925394793e-01
2.289628263337116554e+00 5.959269714047450428e-01
2.291747067726068288e+00 5.848078813169506063e-01
2.293865872115020466e+00 5.699824278665577282e-01
2.295984676503972644e+00 5.588633377787632917e-01
2.298103480892924377e+00 5.477442476909688551e-01
2.300222285281876111e+00 5.366251576031744186e-01
2.302341089670828289e+00 5.255060675153799821e-01
2.304459894059780467e+00 5.143869774275855455e-01
2.306578698448732201e+00 5.032678873397911090e-01
2.308697502837683935e+00 4.940019789332956712e-01
2.310816307226636113e+00 4.847360705268002334e-01
2.313994513810063935e+00 4.699106170764073553e-01
2.318232122587967847e+00 4.513788002634169239e-01
2.322469731365871759e+00 4.347001651317250470e-01
2.326707340143775671e+00 4.198747116813326130e-01
2.330944948921679583e+00 4.087556215935377324e-01
2.335182557699583494e+00 3.957833498244442971e-01
2.339420166477487406e+00 3.855908505772993600e-01
2.343657775255391318e+00 3.753983513301544228e-01
2.348954786227770875e+00 3.642792612423599863e-01
2.355311199394626964e+00 3.550133528358645485e-01
2.361667612561483054e+00 3.463651716564686289e-01
2.368024025728338700e+00 3.395701721583725963e-01
2.374380438895194345e+00 3.346283543415746742e-01
2.380736852062049991e+00 3.303042637518771585e-01
2.387093265228906080e+00 3.259801731621787546e-01
2.393449678395762170e+00 3.216560825724812389e-01
2.399806091562617816e+00 3.191851736640827220e-01
2.406162504729473461e+00 3.130079013930853193e-01
2.412518917896329551e+00 3.093015380304873219e-01
2.418875331063185641e+00 3.062129018949888426e-01
2.425231744230041286e+00 3.006533568510918464e-01
2.431588157396896932e+00 2.944760845800944438e-01
2.437944570563752578e+00 2.907697212174964463e-01
2.444300983730608667e+00 2.852101761735990060e-01
2.450657396897464757e+00 2.802683583568019721e-01
2.457013810064320403e+00 2.771797222213030487e-01
2.463370223231176048e+00 2.747088133129045318e-01
2.469726636398032138e+00 2.697669954961070538e-01
2.476083049564888228e+00 2.660606321335086122e-01
2.482439462731743873e+00 2.605010870896116160e-01
2.488795875898599519e+00 2.555592692728136939e-01
