Mg(ClO4)2.6H2O 80K NIR reflectance spectra from 0.35-2.5m		
Data from Hanley et al. (2014)		
		
Wavelength (um)	% Reflectance	normalized
0.35	0.30116383	0.905592764
0.351	0.298033907	0.896181159
0.352	0.300677936	0.904131693
0.353	0.303305275	0.912032043
0.354	0.300785513	0.904455174
0.355	0.300593643	0.903878227
0.356	0.303010733	0.911146361
0.357	0.305051148	0.917281842
0.358	0.303437376	0.912429266
0.359	0.304085137	0.914377068
0.36	0.304773999	0.916448462
0.361	0.304726145	0.916304566
0.362	0.30539005	0.918300914
0.363	0.306583558	0.921889765
0.364	0.305673627	0.919153621
0.365	0.302653481	0.910072111
0.366	0.304927771	0.91691085
0.367	0.306092896	0.920414356
0.368	0.306016169	0.920183637
0.369	0.306642367	0.9220666
0.37	0.307537799	0.924759144
0.371	0.307342389	0.92417155
0.372	0.306743586	0.922370964
0.373	0.307991633	0.926123814
0.374	0.307879962	0.92578802
0.375	0.307461747	0.924530458
0.376	0.307774982	0.92547235
0.377	0.308520423	0.927713873
0.378	0.30845818	0.927526711
0.379	0.30846228	0.927539038
0.38	0.3093488	0.930204784
0.381	0.308332416	0.927148539
0.382	0.307897614	0.925841101
0.383	0.308814334	0.928597655
0.384	0.310199381	0.932762461
0.385	0.309515836	0.930707057
0.386	0.3087818	0.928499828
0.387	0.309287184	0.930019507
0.388	0.310116428	0.932513024
0.389	0.309652145	0.931116935
0.39	0.309382213	0.930305257
0.391	0.31063655	0.934077019
0.392	0.310675528	0.934194224
0.393	0.310369725	0.933274682
0.394	0.31030357	0.933075755
0.395	0.310686182	0.93422626
0.396	0.310543174	0.933796237
0.397	0.310633054	0.934066505
0.398	0.311163028	0.935660127
0.399	0.311226553	0.935851143
0.4	0.31158854	0.936939631
0.401	0.311960669	0.938058612
0.402	0.311960412	0.938057842
0.403	0.311774967	0.937500211
0.404	0.311859574	0.937754624
0.405	0.312060395	0.938358489
0.406	0.311943088	0.938005747
0.407	0.312135519	0.938584383
0.408	0.312337327	0.939191216
0.409	0.312361891	0.93926508
0.41	0.312312942	0.939117889
0.411	0.312816637	0.940632489
0.412	0.31323446	0.941888875
0.413	0.313068715	0.941390484
0.414	0.313529339	0.942775568
0.415	0.313694235	0.943271407
0.416	0.313572092	0.942904126
0.417	0.313739245	0.943406751
0.418	0.314129893	0.94458142
0.419	0.314489052	0.945661405
0.42	0.314650871	0.946147989
0.421	0.31459121	0.94596859
0.422	0.314894572	0.946880795
0.423	0.315313793	0.948141382
0.424	0.315478562	0.948636838
0.425	0.315524364	0.948774562
0.426	0.315548056	0.948845806
0.427	0.315683879	0.94925422
0.428	0.316050558	0.950356817
0.429	0.316310458	0.951138331
0.43	0.316616187	0.95205765
0.431	0.317009329	0.953239818
0.432	0.317197744	0.953806378
0.433	0.317381675	0.954359456
0.434	0.317608876	0.955042644
0.435	0.317871629	0.955832736
0.436	0.318157533	0.956692444
0.437	0.318322273	0.957187813
0.438	0.318438462	0.95753719
0.439	0.318746102	0.958462256
0.44	0.318927521	0.959007777
0.441	0.319055545	0.959392745
0.442	0.319228083	0.959911562
0.443	0.319440904	0.960551509
0.444	0.319676801	0.961260847
0.445	0.319879026	0.961868934
0.446	0.320013641	0.962273717
0.447	0.320298291	0.963129654
0.448	0.320486557	0.963695766
0.449	0.32055966	0.963915584
0.45	0.320787151	0.964599643
0.451	0.321031821	0.96533536
0.452	0.321225693	0.96591833
0.453	0.321363215	0.966331856
0.454	0.321585631	0.967000656
0.455	0.321757288	0.967516824
0.456	0.321908771	0.967972329
0.457	0.322135056	0.968652764
0.458	0.322209573	0.968876834
0.459	0.322358645	0.969325091
0.46	0.322651672	0.970206217
0.461	0.322848463	0.970797962
0.462	0.323022537	0.971321399
0.463	0.32321476	0.971899408
0.464	0.323420488	0.972518027
0.465	0.323454912	0.972621539
0.466	0.323601489	0.973062294
0.467	0.323854921	0.973824358
0.468	0.323982081	0.974206727
0.469	0.324014026	0.974302783
0.47	0.324185076	0.974817126
0.471	0.32451957	0.975822942
0.472	0.324497925	0.975757857
0.473	0.324637603	0.976177864
0.474	0.32491753	0.977019599
0.475	0.325121742	0.977633661
0.476	0.325178421	0.977804091
0.477	0.325310549	0.978201397
0.478	0.325546427	0.978910677
0.479	0.325682986	0.979321307
0.48	0.325895014	0.979958871
0.481	0.326100512	0.980576798
0.482	0.326226903	0.980956855
0.483	0.326392238	0.981454013
0.484	0.326588727	0.982044851
0.485	0.326785104	0.982635352
0.486	0.326947443	0.983123503
0.487	0.327157168	0.983754141
0.488	0.327367629	0.98438699
0.489	0.327535895	0.984892963
0.49	0.327641317	0.985209964
0.491	0.327822391	0.985754449
0.492	0.328056307	0.98645783
0.493	0.32827324	0.987110144
0.494	0.32845876	0.987667996
0.495	0.32860231	0.98809965
0.496	0.32870537	0.988409549
0.497	0.328784833	0.988648491
0.498	0.328963284	0.989185091
0.499	0.329111701	0.989631376
0.5	0.329163229	0.989786321
0.501	0.329313534	0.990238284
0.502	0.329495653	0.99078591
0.503	0.329657869	0.991273691
0.504	0.329771347	0.991614916
0.505	0.329947257	0.992143874
0.506	0.330127084	0.99268461
0.507	0.330263054	0.993093469
0.508	0.330340264	0.993325636
0.509	0.330514858	0.993850636
0.51	0.330655055	0.994272206
0.511	0.330647056	0.994248153
0.512	0.330743636	0.994538567
0.513	0.330907438	0.995031115
0.514	0.331090549	0.995581727
0.515	0.331241299	0.996035028
0.516	0.331321627	0.996276572
0.517	0.331341126	0.996335206
0.518	0.331342801	0.996340242
0.519	0.331426648	0.996592368
0.52	0.331483788	0.996764189
0.521	0.33150998	0.996842946
0.522	0.331541054	0.996936385
0.523	0.331576457	0.997042841
0.524	0.331633624	0.99721474
0.525	0.331691579	0.997389009
0.526	0.331682019	0.997360264
0.527	0.331730453	0.997505903
0.528	0.331776633	0.997644766
0.529	0.331762424	0.997602038
0.53	0.331805296	0.997730954
0.531	0.331869041	0.997922633
0.532	0.331892939	0.997994494
0.533	0.331817325	0.997767126
0.534	0.33181046	0.997746483
0.535	0.331754526	0.99757829
0.536	0.331599542	0.997112257
0.537	0.331528466	0.996898532
0.538	0.331414702	0.996556447
0.539	0.331267446	0.996113653
0.54	0.331136333	0.995719397
0.541	0.330999777	0.995308778
0.542	0.330815626	0.99475504
0.543	0.330606078	0.994124933
0.544	0.330468035	0.99370984
0.545	0.330389355	0.993473253
0.546	0.330347844	0.993348431
0.547	0.330329251	0.993292522
0.548	0.330363584	0.993395758
0.549	0.330436887	0.993616178
0.55	0.330518682	0.993862135
0.551	0.330574341	0.9940295
0.552	0.330658369	0.994282171
0.553	0.330784085	0.994660196
0.554	0.330939021	0.995126086
0.555	0.331073791	0.995531335
0.556	0.331181633	0.995855615
0.557	0.33128181	0.996156843
0.558	0.331401101	0.99651555
0.559	0.33153331	0.9969131
0.56	0.331620471	0.997175191
0.561	0.331630796	0.997206237
0.562	0.331569194	0.997021
0.563	0.331463593	0.996703462
0.564	0.331362427	0.996399259
0.565	0.331302683	0.99621961
0.566	0.331260244	0.996091994
0.567	0.331302382	0.996218703
0.568	0.331462581	0.996700419
0.569	0.331731435	0.997508856
0.57	0.331910356	0.998046868
0.571	0.33209471	0.998601215
0.572	0.332338732	0.999334986
0.573	0.332513788	0.999861373
0.574	0.33255989	1
0.575	0.332473109	0.999739052
0.576	0.332291794	0.999193842
0.577	0.332070155	0.99852738
0.578	0.33196506	0.998211362
0.579	0.331897924	0.998009485
0.58	0.331496868	0.996803519
0.581	0.330997117	0.995300777
0.582	0.330443032	0.993634657
0.583	0.329851997	0.991857429
0.584	0.329285098	0.990152777
0.585	0.328886279	0.988953536
0.586	0.328547124	0.987933705
0.587	0.32801765	0.986341588
0.588	0.327734376	0.985489791
0.589	0.327535561	0.98489196
0.59	0.327266967	0.984084304
0.591	0.326952022	0.983137271
0.592	0.326954446	0.983144559
0.593	0.327055526	0.983448504
0.594	0.326897173	0.98297234
0.595	0.326908857	0.983007473
0.596	0.327054724	0.983446091
0.597	0.327188102	0.983847157
0.598	0.327073369	0.983502158
0.599	0.327016727	0.983331836
0.6	0.326935085	0.983086341
0.601	0.326694605	0.982363224
0.602	0.32630453	0.981190276
0.603	0.326205647	0.980892938
0.604	0.326310139	0.981207142
0.605	0.326166995	0.980776711
0.606	0.325937164	0.980085615
0.607	0.325833111	0.97977273
0.608	0.325878385	0.979908869
0.609	0.325652094	0.979228416
0.61	0.325566894	0.978972221
0.611	0.32564834	0.979217128
0.612	0.325736217	0.979481374
0.613	0.325548115	0.978915753
0.614	0.325379598	0.978409028
0.615	0.32537114	0.978383595
0.616	0.325420626	0.978532399
0.617	0.325296365	0.978158747
0.618	0.325140206	0.97768918
0.619	0.325124215	0.977641096
0.62	0.325187823	0.977832363
0.621	0.325093886	0.977549897
0.622	0.32491465	0.977010938
0.623	0.324918852	0.977023574
0.624	0.324975166	0.97719291
0.625	0.324895756	0.976954126
0.626	0.324669348	0.976273322
0.627	0.324645396	0.9762013
0.628	0.324708588	0.976391316
0.629	0.324695588	0.976352226
0.63	0.324490243	0.975734758
0.631	0.324384885	0.975417947
0.632	0.324419895	0.975523223
0.633	0.324492897	0.975742737
0.634	0.324371846	0.975378739
0.635	0.324278332	0.975097545
0.636	0.324263394	0.975052627
0.637	0.324290767	0.975134936
0.638	0.324173934	0.974783624
0.639	0.324124608	0.974635301
0.64	0.324171422	0.974776068
0.641	0.324219698	0.974921233
0.642	0.324173759	0.974783097
0.643	0.324100623	0.974563179
0.644	0.324073856	0.97448269
0.645	0.324147583	0.974704387
0.646	0.324135629	0.974668441
0.647	0.324041451	0.97438525
0.648	0.323951892	0.974115947
0.649	0.323996933	0.974251384
0.65	0.324047718	0.974404094
0.651	0.32403065	0.97435277
0.652	0.323944509	0.974093747
0.653	0.323888576	0.973925558
0.654	0.323875571	0.973886454
0.655	0.323888686	0.973925888
0.656	0.32389822	0.973954557
0.657	0.323831729	0.973754619
0.658	0.32376614	0.973557395
0.659	0.32382108	0.973722598
0.66	0.323816028	0.973707407
0.661	0.323754141	0.973521316
0.662	0.323666821	0.973258744
0.663	0.323594437	0.973041088
0.664	0.32364609	0.973196408
0.665	0.32366747	0.973260698
0.666	0.323527899	0.97284101
0.667	0.323479142	0.9726944
0.668	0.323477799	0.97269036
0.669	0.323490146	0.972727489
0.67	0.32349021	0.972727679
0.671	0.323420511	0.972518099
0.672	0.3233549	0.972320806
0.673	0.323337935	0.972269794
0.674	0.323311737	0.972191015
0.675	0.323311805	0.972191219
0.676	0.323291186	0.97212922
0.677	0.323202945	0.971863881
0.678	0.323164254	0.97174754
0.679	0.323158348	0.971729778
0.68	0.32315544	0.971721035
0.681	0.323123044	0.97162362
0.682	0.323075559	0.971480835
0.683	0.323073691	0.971475218
0.684	0.323137685	0.971667646
0.685	0.323167002	0.971755802
0.686	0.323077917	0.971487925
0.687	0.322993228	0.971233268
0.688	0.323095146	0.971539733
0.689	0.323130649	0.97164649
0.69	0.323078321	0.97148914
0.691	0.322980901	0.9711962
0.692	0.322931881	0.971048798
0.693	0.32295229	0.971110166
0.694	0.322986929	0.971214327
0.695	0.322976632	0.971183364
0.696	0.322933004	0.971052174
0.697	0.322907321	0.970974948
0.698	0.322903935	0.970964764
0.699	0.322894888	0.970937561
0.7	0.322888738	0.970919068
0.701	0.322864609	0.970846512
0.702	0.322818509	0.970707892
0.703	0.322778754	0.970588349
0.704	0.322770545	0.970563666
0.705	0.32278041	0.970593328
0.706	0.32277612	0.970580427
0.707	0.322711779	0.970386956
0.708	0.322645509	0.970187685
0.709	0.322610121	0.970081272
0.71	0.322606722	0.970071053
0.711	0.322557093	0.969921819
0.712	0.322491603	0.969724892
0.713	0.322443367	0.969579848
0.714	0.322415031	0.969494642
0.715	0.322352293	0.969305989
0.716	0.322270751	0.969060795
0.717	0.322205726	0.968865266
0.718	0.32213827	0.968662428
0.719	0.322073994	0.96846915
0.72	0.322007779	0.968270044
0.721	0.321924013	0.968018162
0.722	0.321835599	0.967752303
0.723	0.321717896	0.967398374
0.724	0.321570065	0.966953848
0.725	0.321466205	0.966641544
0.726	0.32134198	0.966268
0.727	0.32119971	0.9658402
0.728	0.32106832	0.965445113
0.729	0.32095605	0.96510752
0.73	0.320864018	0.964830782
0.731	0.320765502	0.964534547
0.732	0.320610082	0.964067202
0.733	0.320461081	0.96361916
0.734	0.320337287	0.963246914
0.735	0.320215585	0.962880959
0.736	0.319987202	0.962194214
0.737	0.319777099	0.96156244
0.738	0.319577303	0.960961658
0.739	0.319334265	0.960230849
0.74	0.319105513	0.959542997
0.741	0.3188322	0.958721149
0.742	0.318521093	0.957785659
0.743	0.318253024	0.956979581
0.744	0.3179417	0.956043438
0.745	0.317613747	0.955057291
0.746	0.317312781	0.954152291
0.747	0.31706899	0.95341922
0.748	0.316810651	0.952642398
0.749	0.316554446	0.951871997
0.75	0.316354529	0.95127085
0.751	0.316241994	0.95093246
0.752	0.316117301	0.950557511
0.753	0.315968679	0.950110609
0.754	0.315877715	0.949837083
0.755	0.315763844	0.949494675
0.756	0.315676841	0.949233057
0.757	0.3156446	0.949136111
0.758	0.315588329	0.948966904
0.759	0.315539353	0.948819635
0.76	0.315512468	0.948738791
0.761	0.315513071	0.948740605
0.762	0.315529126	0.948788882
0.763	0.315515647	0.948748351
0.764	0.315472014	0.948617148
0.765	0.315440804	0.9485233
0.766	0.315462291	0.948587912
0.767	0.315529443	0.948789836
0.768	0.315616001	0.949050113
0.769	0.315674618	0.949226375
0.77	0.315794228	0.949586039
0.771	0.315946928	0.950045204
0.772	0.316080263	0.950446138
0.773	0.316213828	0.950847767
0.774	0.316386526	0.951367064
0.775	0.316601045	0.952012119
0.776	0.316826944	0.952691393
0.777	0.317001673	0.953216798
0.778	0.317144276	0.953645601
0.779	0.317304206	0.954126507
0.78	0.317556134	0.954884051
0.781	0.31781173	0.95565262
0.782	0.318029156	0.956306415
0.783	0.318200319	0.956821098
0.784	0.318370494	0.95733281
0.785	0.318570365	0.957933818
0.786	0.318780791	0.958566564
0.787	0.31896124	0.959109171
0.788	0.31913371	0.959627783
0.789	0.319304121	0.960140205
0.79	0.319467094	0.960630262
0.791	0.319608486	0.961055424
0.792	0.319770099	0.961541391
0.793	0.319952093	0.962088645
0.794	0.3201252	0.962609171
0.795	0.320207288	0.96285601
0.796	0.32035071	0.963287276
0.797	0.320499948	0.963736032
0.798	0.320570799	0.963949079
0.799	0.320711907	0.964373387
0.8	0.320836716	0.964748684
0.801	0.320906217	0.964957673
0.802	0.320935692	0.965046302
0.803	0.321032933	0.965338705
0.804	0.321169273	0.965748675
0.805	0.321291293	0.966115587
0.806	0.321342269	0.966268871
0.807	0.321350565	0.966293817
0.808	0.321369395	0.966350439
0.809	0.321428577	0.966528396
0.81	0.321481019	0.96668609
0.811	0.321514357	0.966786337
0.812	0.321545516	0.966880031
0.813	0.321593242	0.96702354
0.814	0.321607597	0.967066706
0.815	0.32162581	0.967121471
0.816	0.321662711	0.967232432
0.817	0.321709397	0.967372816
0.818	0.321755348	0.967510991
0.819	0.321803185	0.967654834
0.82	0.321838228	0.967760207
0.821	0.321819031	0.967702484
0.822	0.321806424	0.967664573
0.823	0.32179626	0.967634011
0.824	0.321794072	0.967627433
0.825	0.321883167	0.967895339
0.826	0.321980038	0.968186627
0.827	0.322000837	0.968249171
0.828	0.321913712	0.967987187
0.829	0.321916271	0.967994883
0.83	0.321956438	0.968115663
0.831	0.321975508	0.968173005
0.832	0.321929057	0.968033328
0.833	0.321867075	0.967846951
0.834	0.321772462	0.967562452
0.835	0.321658827	0.967220754
0.836	0.321584203	0.966996362
0.837	0.321446158	0.966581262
0.838	0.321242851	0.965969923
0.839	0.321003647	0.965250642
0.84	0.320778996	0.964575121
0.841	0.320454776	0.963600201
0.842	0.320123978	0.962605497
0.843	0.319903119	0.961941379
0.844	0.319716333	0.961379719
0.845	0.319511092	0.960762563
0.846	0.31928414	0.960080124
0.847	0.319064163	0.959418658
0.848	0.318857495	0.958797211
0.849	0.318742015	0.958449968
0.85	0.318721558	0.958388452
0.851	0.318723395	0.958393976
0.852	0.318685598	0.958280323
0.853	0.318676617	0.958253317
0.854	0.318711053	0.958356865
0.855	0.318694308	0.958306512
0.856	0.318726193	0.958402389
0.857	0.318789549	0.9585929
0.858	0.318853004	0.958783708
0.859	0.318919767	0.958984463
0.86	0.319002472	0.959233155
0.861	0.319137341	0.959638702
0.862	0.319345297	0.960264021
0.863	0.319566835	0.960930182
0.864	0.319811493	0.961665863
0.865	0.320014192	0.962275373
0.866	0.320117344	0.962585548
0.867	0.320324222	0.963207626
0.868	0.320563794	0.963928016
0.869	0.320800564	0.964639977
0.87	0.321048813	0.965386455
0.871	0.321357119	0.966313525
0.872	0.321619043	0.967101125
0.873	0.321793096	0.967624498
0.874	0.321944976	0.968081197
0.875	0.322165164	0.968743297
0.876	0.322439022	0.969566782
0.877	0.322738539	0.970467423
0.878	0.323059739	0.971433264
0.879	0.323248134	0.971999762
0.88	0.323397071	0.972447615
0.881	0.323603007	0.973066857
0.882	0.32378207	0.973605296
0.883	0.32396472	0.974154521
0.884	0.324169711	0.974770924
0.885	0.32437462	0.97538708
0.886	0.324412805	0.975501902
0.887	0.3245266	0.975844081
0.888	0.324714342	0.976408619
0.889	0.324858862	0.976843186
0.89	0.324959038	0.977144414
0.891	0.325076542	0.977497744
0.892	0.325173798	0.97779019
0.893	0.325168073	0.977772977
0.894	0.325161873	0.977754333
0.895	0.325209732	0.977898244
0.896	0.325285454	0.978125938
0.897	0.325302145	0.978176129
0.898	0.325291715	0.978144764
0.899	0.325290029	0.978139695
0.9	0.325304561	0.978183392
0.901	0.325307738	0.978192945
0.902	0.325306011	0.978187754
0.903	0.325259645	0.978048331
0.904	0.32517553	0.977795398
0.905	0.325137798	0.977681939
0.906	0.325115387	0.977614552
0.907	0.325055037	0.977433078
0.908	0.324944922	0.977101966
0.909	0.324863814	0.976858077
0.91	0.324715145	0.976411031
0.911	0.32455778	0.975937839
0.912	0.324426157	0.975542053
0.913	0.324181516	0.974806422
0.914	0.324019059	0.974317917
0.915	0.323881406	0.973903997
0.916	0.323663377	0.973248388
0.917	0.323371671	0.972371238
0.918	0.323152077	0.971710923
0.919	0.322945974	0.971091175
0.92	0.322655168	0.970216727
0.921	0.322352245	0.969305845
0.922	0.322060806	0.968429494
0.923	0.321704041	0.96735671
0.924	0.321218808	0.965897626
0.925	0.320790195	0.964608798
0.926	0.32036424	0.963327961
0.927	0.319911357	0.961966152
0.928	0.319413671	0.960469622
0.929	0.318825394	0.958700685
0.93	0.318289051	0.957087914
0.931	0.317772503	0.955534666
0.932	0.31716567	0.953709934
0.933	0.316570841	0.951921296
0.934	0.315930467	0.949995705
0.935	0.3152784	0.948034956
0.936	0.314694602	0.946279489
0.937	0.314145274	0.944627672
0.938	0.313478174	0.942621717
0.939	0.312727731	0.940365153
0.94	0.312033091	0.938276384
0.941	0.311221937	0.935837263
0.942	0.310445069	0.933501239
0.943	0.309694271	0.931243607
0.944	0.308847798	0.928698282
0.945	0.308028964	0.926236066
0.946	0.307242472	0.923871104
0.947	0.306480863	0.921580962
0.948	0.305744073	0.919365453
0.949	0.305084614	0.917382472
0.95	0.304489102	0.915591783
0.951	0.303889751	0.913789549
0.952	0.303205757	0.911732794
0.953	0.302521538	0.909675361
0.954	0.301802807	0.907514154
0.955	0.301047078	0.905241696
0.956	0.300264852	0.902889559
0.957	0.29932505	0.900063596
0.958	0.29825498	0.896845919
0.959	0.297058262	0.893247415
0.96	0.29570405	0.889175332
0.961	0.294108747	0.884378292
0.962	0.292501432	0.879545131
0.963	0.290935591	0.874836685
0.964	0.289299605	0.869917311
0.965	0.287554743	0.864670552
0.966	0.285823612	0.85946508
0.967	0.284156199	0.854451205
0.968	0.282521235	0.849534907
0.969	0.280832675	0.844457445
0.97	0.279250686	0.839700442
0.971	0.277822499	0.835405916
0.972	0.276509354	0.831457319
0.973	0.27534217	0.827947623
0.974	0.274118766	0.824268874
0.975	0.272980404	0.820845846
0.976	0.272175858	0.818426595
0.977	0.271392063	0.816069741
0.978	0.270727184	0.814070465
0.979	0.270245036	0.812620657
0.98	0.269954116	0.811745868
0.981	0.269762591	0.811169956
0.982	0.269624761	0.810755505
0.983	0.269548352	0.810525744
0.984	0.269537485	0.810493066
0.985	0.269474752	0.810304431
0.986	0.269556195	0.810549327
0.987	0.2697039	0.810993472
0.988	0.269796702	0.811272526
0.989	0.26991316	0.811622712
0.99	0.270259806	0.81266507
0.991	0.270636272	0.813797096
0.992	0.270914291	0.814633092
0.993	0.271466142	0.816292495
0.994	0.271832155	0.817393088
0.995	0.272301182	0.81880344
0.996	0.273080938	0.821148149
0.997	0.273849843	0.823460228
0.998	0.274825428	0.82639379
0.999	0.275898134	0.829619392
1	0.276932118	0.83272856
1.001	0.272376813	0.819030861
1.002	0.27350952	0.822436887
1.003	0.274769098	0.826224407
1.004	0.276194332	0.830510053
1.005	0.277736703	0.835147929
1.006	0.27933151	0.839943477
1.007	0.280981904	0.844906175
1.008	0.282671666	0.84998725
1.009	0.284376711	0.85511428
1.01	0.286158676	0.86047261
1.011	0.288053837	0.866171315
1.012	0.289910905	0.871755478
1.013	0.291803589	0.877446734
1.014	0.293685621	0.883105962
1.015	0.295525545	0.888638571
1.016	0.297352381	0.894131824
1.017	0.29915103	0.89954032
1.018	0.300914024	0.904841605
1.019	0.302682183	0.910158417
1.02	0.30439377	0.91530512
1.021	0.306025448	0.920211539
1.022	0.307617651	0.924999258
1.023	0.309185573	0.929713963
1.024	0.310746101	0.934406436
1.025	0.312177615	0.938710966
1.026	0.31354954	0.942836313
1.027	0.31487727	0.946828768
1.028	0.316080278	0.950446185
1.029	0.317275192	0.954039262
1.03	0.318487426	0.957684423
1.031	0.319626853	0.961110656
1.032	0.320615915	0.964084741
1.033	0.321501435	0.96674748
1.034	0.322309504	0.969177323
1.035	0.323081738	0.971499414
1.036	0.323826563	0.973739087
1.037	0.324579629	0.976003538
1.038	0.325259523	0.978047966
1.039	0.325907332	0.97999591
1.04	0.326448269	0.981622496
1.041	0.326905338	0.982996891
1.042	0.327350413	0.984335222
1.043	0.327704569	0.985400162
1.044	0.328087873	0.98655275
1.045	0.328498336	0.987787001
1.046	0.32883893	0.98881116
1.047	0.329125648	0.989673313
1.048	0.329351871	0.990353561
1.049	0.329512738	0.990837285
1.05	0.329651884	0.991255693
1.051	0.329803674	0.991712123
1.052	0.329989444	0.992270729
1.053	0.330116576	0.992653012
1.054	0.330222436	0.992971331
1.055	0.330315095	0.993249955
1.056	0.330367033	0.993406132
1.057	0.330406535	0.993524911
1.058	0.330432947	0.993604331
1.059	0.330468946	0.993712579
1.06	0.330497874	0.993799566
1.061	0.330519394	0.993864275
1.062	0.330475706	0.993732907
1.063	0.330463367	0.993695803
1.064	0.330471324	0.99371973
1.065	0.33033199	0.993300755
1.066	0.330191824	0.992879282
1.067	0.330129075	0.992690596
1.068	0.329986274	0.992261197
1.069	0.329891499	0.991976211
1.07	0.32981367	0.99174218
1.071	0.329820014	0.991761257
1.072	0.329701248	0.991404131
1.073	0.329552667	0.990957351
1.074	0.32939432	0.990481205
1.075	0.329132495	0.989693903
1.076	0.328954922	0.989159945
1.077	0.328832064	0.988790513
1.078	0.328684077	0.988345521
1.079	0.328472705	0.987709929
1.08	0.328293226	0.987170239
1.081	0.328081857	0.986534658
1.082	0.327773989	0.985608908
1.083	0.327488829	0.984751436
1.084	0.327273902	0.984105155
1.085	0.326998192	0.983276103
1.086	0.326664947	0.982274043
1.087	0.326371096	0.98139044
1.088	0.326078343	0.980510139
1.089	0.325799178	0.979670694
1.09	0.325551753	0.978926693
1.091	0.325282232	0.978116248
1.092	0.325030417	0.977359049
1.093	0.32471329	0.976405453
1.094	0.32439485	0.975447911
1.095	0.32413377	0.974662852
1.096	0.323839748	0.973778733
1.097	0.323544642	0.972891355
1.098	0.32330899	0.972182756
1.099	0.323015288	0.971299601
1.1	0.322677529	0.970283967
1.101	0.322418073	0.96950379
1.102	0.32214803	0.968691775
1.103	0.321853595	0.967806416
1.104	0.321563631	0.966934502
1.105	0.321326499	0.966221451
1.106	0.321018207	0.965294424
1.107	0.32065311	0.964196584
1.108	0.320332408	0.963232242
1.109	0.320026094	0.962311162
1.11	0.319671125	0.96124378
1.111	0.319351362	0.960282259
1.112	0.319018693	0.959281931
1.113	0.318628104	0.958107438
1.114	0.318302286	0.95712771
1.115	0.318024083	0.956291162
1.116	0.317657626	0.955189233
1.117	0.317284162	0.954066236
1.118	0.316926082	0.952989499
1.119	0.31655917	0.951886203
1.12	0.31616847	0.950711377
1.121	0.315787938	0.949567123
1.122	0.315446056	0.948539093
1.123	0.315035077	0.94730329
1.124	0.314589857	0.945964522
1.125	0.314115145	0.944537075
1.126	0.313610849	0.943020669
1.127	0.313089567	0.941453186
1.128	0.312506666	0.939700415
1.129	0.311894624	0.937860019
1.13	0.311260718	0.935953877
1.131	0.310550066	0.933816963
1.132	0.30977529	0.93148723
1.133	0.308950093	0.92900588
1.134	0.308070357	0.926360534
1.135	0.307156466	0.923612486
1.136	0.306195618	0.920723237
1.137	0.305228701	0.917815739
1.138	0.304178038	0.914656419
1.139	0.303117232	0.911466601
1.14	0.301871498	0.907720706
1.141	0.300563829	0.903788576
1.142	0.299097091	0.899378128
1.143	0.297485896	0.894533303
1.144	0.295753738	0.889324741
1.145	0.293886098	0.88370879
1.146	0.291895386	0.877722766
1.147	0.289732368	0.87121862
1.148	0.287399832	0.864204737
1.149	0.284998987	0.85698545
1.15	0.282387716	0.849133418
1.151	0.279583752	0.840701964
1.152	0.27673835	0.832145905
1.153	0.273696666	0.822999629
1.154	0.270509611	0.813416229
1.155	0.267302643	0.803772949
1.156	0.263962507	0.793729237
1.157	0.26068563	0.783875741
1.158	0.257287384	0.773657294
1.159	0.254083943	0.764024619
1.16	0.250994405	0.754734448
1.161	0.247888153	0.745394021
1.162	0.244809315	0.736136025
1.163	0.241882718	0.727335815
1.164	0.238920592	0.718428769
1.165	0.235990734	0.709618753
1.166	0.233150663	0.701078723
1.167	0.23051294	0.693147152
1.168	0.228081872	0.685836985
1.169	0.225869787	0.679185297
1.17	0.224074757	0.673787682
1.171	0.22253684	0.669163202
1.172	0.221227286	0.665225403
1.173	0.220238508	0.662252168
1.174	0.219348145	0.659574868
1.175	0.218717039	0.657677145
1.176	0.218094342	0.655804711
1.177	0.217574082	0.6542403
1.178	0.217180923	0.653058081
1.179	0.216848661	0.652058977
1.18	0.216659395	0.651489856
1.181	0.216635618	0.651418359
1.182	0.216845616	0.652049818
1.183	0.217326086	0.653494581
1.184	0.218071782	0.655736873
1.185	0.219165112	0.659024491
1.186	0.220537702	0.663151839
1.187	0.222236258	0.668259356
1.188	0.224161216	0.674047662
1.189	0.226317566	0.680531757
1.19	0.228649266	0.687543127
1.191	0.230976616	0.694541415
1.192	0.23350609	0.702147485
1.193	0.235842013	0.709171551
1.194	0.238243014	0.716391308
1.195	0.240382053	0.722823349
1.196	0.242423109	0.728960759
1.197	0.244239213	0.734421742
1.198	0.245855013	0.739280415
1.199	0.247333416	0.74372594
1.2	0.248598853	0.747531078
1.201	0.249769333	0.751050685
1.202	0.250869539	0.754358979
1.203	0.251969364	0.757666128
1.204	0.253164824	0.761260848
1.205	0.254455503	0.765141892
1.206	0.255962981	0.769674844
1.207	0.257601285	0.774601186
1.208	0.259422613	0.780077879
1.209	0.261359395	0.785901737
1.21	0.263288372	0.791702126
1.211	0.26535326	0.797911198
1.212	0.267281333	0.803708871
1.213	0.269244851	0.809613123
1.214	0.271041389	0.815015271
1.215	0.272741637	0.82012788
1.216	0.274364476	0.82500772
1.217	0.275875671	0.829551848
1.218	0.277314385	0.833878029
1.219	0.278712864	0.838083223
1.22	0.280061139	0.842137455
1.221	0.281406723	0.846183596
1.222	0.282686862	0.850032943
1.223	0.283932182	0.853777592
1.224	0.285124878	0.857364002
1.225	0.28624046	0.860718531
1.226	0.287272815	0.863822799
1.227	0.288179615	0.866549526
1.228	0.288990608	0.868988166
1.229	0.289703871	0.87113293
1.23	0.290317159	0.872977072
1.231	0.29084679	0.874569662
1.232	0.29127342	0.875852528
1.233	0.291681263	0.877078904
1.234	0.291995438	0.878023621
1.235	0.292283112	0.878888648
1.236	0.292530762	0.879633327
1.237	0.292774897	0.880367434
1.238	0.292982205	0.880990806
1.239	0.293171153	0.881558968
1.24	0.293362731	0.882135038
1.241	0.293522729	0.882616148
1.242	0.293671995	0.88306499
1.243	0.29380952	0.883478523
1.244	0.293915741	0.883797928
1.245	0.294035006	0.884156553
1.246	0.29415641	0.884521612
1.247	0.2942445	0.884786499
1.248	0.294333997	0.885055613
1.249	0.294432534	0.885351912
1.25	0.294484597	0.885508465
1.251	0.294511186	0.885588416
1.252	0.294542381	0.885682218
1.253	0.294580568	0.885797047
1.254	0.294600985	0.88585844
1.255	0.294603674	0.885866527
1.256	0.294614043	0.885897706
1.257	0.294634674	0.885959741
1.258	0.294631866	0.885951299
1.259	0.294590927	0.885828197
1.26	0.29453671	0.885665166
1.261	0.2944873	0.885516592
1.262	0.294415959	0.885302071
1.263	0.294308459	0.88497882
1.264	0.294181194	0.884596139
1.265	0.294044611	0.884185438
1.266	0.293877723	0.883683608
1.267	0.293664964	0.883043848
1.268	0.293413012	0.882286232
1.269	0.293123603	0.881415986
1.27	0.292782135	0.8803892
1.271	0.29239029	0.879210932
1.272	0.291981078	0.877980441
1.273	0.291506684	0.876553947
1.274	0.29092683	0.874810339
1.275	0.290302956	0.872934365
1.276	0.289634506	0.87092435
1.277	0.288916525	0.868765398
1.278	0.28813798	0.86642433
1.279	0.287288101	0.863868764
1.28	0.286369524	0.861106625
1.281	0.285409046	0.85821849
1.282	0.284390209	0.855154869
1.283	0.283295816	0.851864055
1.284	0.282156984	0.848439612
1.285	0.280963104	0.844849642
1.286	0.279690722	0.84102362
1.287	0.278382331	0.837089318
1.288	0.277054875	0.833097687
1.289	0.275720953	0.829086614
1.29	0.274362359	0.825001354
1.291	0.27298674	0.820864898
1.292	0.271624955	0.816770042
1.293	0.270216415	0.812534594
1.294	0.26879337	0.808255529
1.295	0.267387447	0.804027953
1.296	0.265961004	0.799738672
1.297	0.264531621	0.795440548
1.298	0.263075135	0.791060928
1.299	0.261620901	0.786688079
1.3	0.260089941	0.782084518
1.301	0.258534042	0.777405964
1.302	0.256905105	0.772507789
1.303	0.255233153	0.767480268
1.304	0.253522784	0.762337226
1.305	0.251749796	0.757005893
1.306	0.249959942	0.751623843
1.307	0.248116573	0.746080874
1.308	0.246212779	0.74035621
1.309	0.244261702	0.734489366
1.31	0.242281082	0.728533685
1.311	0.240315962	0.722624614
1.312	0.238356449	0.716732404
1.313	0.23639815	0.710843842
1.314	0.234495052	0.705121271
1.315	0.232642107	0.699549508
1.316	0.230765457	0.693906464
1.317	0.228936676	0.688407361
1.318	0.227169865	0.6830946
1.319	0.225395407	0.677758846
1.32	0.223626499	0.672439779
1.321	0.22190074	0.667250463
1.322	0.220226129	0.662214946
1.323	0.218549472	0.657173276
1.324	0.216878145	0.652147635
1.325	0.215257711	0.647275027
1.326	0.213684145	0.642543347
1.327	0.212148433	0.637925499
1.328	0.210711861	0.633605757
1.329	0.209365528	0.629557365
1.33	0.208092738	0.625730116
1.331	0.206913226	0.62218335
1.332	0.205810437	0.618867287
1.333	0.204781197	0.615772386
1.334	0.203848001	0.612966287
1.335	0.202942419	0.610243224
1.336	0.202071727	0.607625072
1.337	0.201268741	0.605210512
1.338	0.200507556	0.602921647
1.339	0.199784172	0.600746447
1.34	0.199087075	0.598650292
1.341	0.198422928	0.596653219
1.342	0.197769177	0.594687403
1.343	0.197127747	0.592758637
1.344	0.196529947	0.590961066
1.345	0.195971664	0.589282321
1.346	0.195443963	0.587695537
1.347	0.194967834	0.586263829
1.348	0.194532266	0.584954084
1.349	0.194139315	0.58377249
1.35	0.1937766	0.582681816
1.351	0.193471823	0.581765358
1.352	0.193193362	0.580928031
1.353	0.19292842	0.580131358
1.354	0.192714646	0.579488543
1.355	0.192543237	0.578973121
1.356	0.192395756	0.578529647
1.357	0.192266726	0.57814166
1.358	0.192161034	0.577823846
1.359	0.19206022	0.5775207
1.36	0.191944053	0.577171387
1.361	0.191845443	0.576874871
1.362	0.191762592	0.576625739
1.363	0.191661953	0.576323119
1.364	0.191527454	0.575918685
1.365	0.191357912	0.575408875
1.366	0.191147537	0.574776281
1.367	0.190875881	0.57395942
1.368	0.190530932	0.572922165
1.369	0.190137194	0.571738203
1.37	0.189689797	0.570392892
1.371	0.189151717	0.568774898
1.372	0.188540592	0.566937259
1.373	0.187870008	0.564920827
1.374	0.187113807	0.562646949
1.375	0.186250223	0.560050171
1.376	0.185308825	0.557219408
1.377	0.184285573	0.554142513
1.378	0.183184673	0.550832133
1.379	0.181997775	0.547263156
1.38	0.180749032	0.543508217
1.381	0.179491397	0.539726536
1.382	0.178184416	0.535796472
1.383	0.176809567	0.531662334
1.384	0.175432962	0.527522913
1.385	0.173943207	0.523043254
1.386	0.172360104	0.518282899
1.387	0.170685357	0.513246974
1.388	0.168841425	0.507702313
1.389	0.166852138	0.501720572
1.39	0.164658709	0.495124982
1.391	0.162298482	0.488027832
1.392	0.159772564	0.480432453
1.393	0.15709982	0.472395574
1.394	0.15436538	0.464173175
1.395	0.151547444	0.455699708
1.396	0.148654561	0.447000873
1.397	0.145745384	0.438253043
1.398	0.14280975	0.429425659
1.399	0.139809108	0.420402799
1.4	0.136776853	0.411284875
1.401	0.133680023	0.401972779
1.402	0.130547141	0.392552276
1.403	0.12741881	0.383145453
1.404	0.124243853	0.373598431
1.405	0.121075751	0.364072022
1.406	0.117905786	0.354540008
1.407	0.114738338	0.345015565
1.408	0.111543305	0.335408172
1.409	0.10838955	0.325924905
1.41	0.105289591	0.316603397
1.411	0.102247591	0.307456172
1.412	0.099359647	0.298772192
1.413	0.096624203	0.290546775
1.414	0.094118084	0.28301093
1.415	0.091863863	0.27623254
1.416	0.089816427	0.270075946
1.417	0.088091757	0.264889902
1.418	0.086526733	0.260183912
1.419	0.085132551	0.255991637
1.42	0.08386773	0.252188349
1.421	0.082588778	0.248342571
1.422	0.081357064	0.244638835
1.423	0.08007275	0.240776932
1.424	0.078809089	0.236977132
1.425	0.077563963	0.233233066
1.426	0.076360131	0.22961317
1.427	0.075289266	0.226393106
1.428	0.074333824	0.223520113
1.429	0.073543553	0.221143787
1.43	0.072899382	0.21920678
1.431	0.072407008	0.217726221
1.432	0.072032975	0.216601513
1.433	0.071740718	0.215722703
1.434	0.071591929	0.215275298
1.435	0.071558566	0.215174976
1.436	0.071632761	0.215398077
1.437	0.071842324	0.216028229
1.438	0.072143991	0.216935335
1.439	0.072591518	0.218281037
1.44	0.073066187	0.219708356
1.441	0.073667037	0.2215151
1.442	0.07422352	0.223188432
1.443	0.074833164	0.225021616
1.444	0.075368944	0.226632696
1.445	0.075892769	0.228207825
1.446	0.076343868	0.22956427
1.447	0.076751752	0.230790769
1.448	0.077117745	0.2318913
1.449	0.077443704	0.23287145
1.45	0.077759456	0.233820909
1.451	0.07804771	0.234687684
1.452	0.078320438	0.235507769
1.453	0.078595951	0.236336231
1.454	0.078878967	0.237187255
1.455	0.079171154	0.238065855
1.456	0.079492117	0.239030983
1.457	0.079834252	0.240059775
1.458	0.080195779	0.241146876
1.459	0.080614153	0.242404918
1.46	0.081081204	0.243809331
1.461	0.081614249	0.245412185
1.462	0.082234889	0.247278435
1.463	0.082940054	0.249398849
1.464	0.083739795	0.251803652
1.465	0.084628375	0.254475594
1.466	0.085615094	0.257442634
1.467	0.086675319	0.260630708
1.468	0.087804856	0.264027199
1.469	0.088976128	0.267549185
1.47	0.090163149	0.271118533
1.471	0.091322213	0.274603809
1.472	0.092437274	0.277956772
1.473	0.0934957	0.281139437
1.474	0.094460181	0.28403961
1.475	0.095330583	0.286656888
1.476	0.096104863	0.28898513
1.477	0.096798412	0.291070616
1.478	0.097408003	0.292903643
1.479	0.09802262	0.294751781
1.48	0.098532726	0.29628566
1.481	0.099182526	0.298239593
1.482	0.09978862	0.300062105
1.483	0.10063716	0.302613644
1.484	0.101550289	0.305359402
1.485	0.102783722	0.309068307
1.486	0.104206391	0.313346239
1.487	0.105962842	0.318627847
1.488	0.108000623	0.324755409
1.489	0.110328301	0.331754684
1.49	0.112943992	0.339620007
1.491	0.11581257	0.348245756
1.492	0.118896106	0.357517878
1.493	0.122151219	0.367305928
1.494	0.125505022	0.377390737
1.495	0.128935543	0.387706235
1.496	0.132359852	0.398003054
1.497	0.135742446	0.408174437
1.498	0.139136524	0.418380354
1.499	0.142426894	0.42827442
1.5	0.145721834	0.438182231
1.501	0.149016232	0.448088411
1.502	0.15235994	0.458142864
1.503	0.155840453	0.468608686
1.504	0.159456517	0.479482109
1.505	0.163299098	0.491036662
1.506	0.167370839	0.503280294
1.507	0.171696279	0.516286794
1.508	0.176207054	0.52985059
1.509	0.180885575	0.543918796
1.51	0.185658991	0.558272351
1.511	0.19048161	0.572773856
1.512	0.195247769	0.587105586
1.513	0.199911234	0.60112852
1.514	0.204525129	0.615002397
1.515	0.208952349	0.628314947
1.516	0.213213135	0.641127032
1.517	0.217308205	0.653440814
1.518	0.221228147	0.665227989
1.519	0.224983193	0.676519327
1.52	0.228522021	0.687160504
1.521	0.231917031	0.69736922
1.522	0.23517296	0.707159725
1.523	0.238244125	0.716394647
1.524	0.24117494	0.725207541
1.525	0.243972157	0.733618708
1.526	0.246604242	0.74153333
1.527	0.249096531	0.749027586
1.528	0.251469269	0.756162355
1.529	0.253722486	0.762937728
1.53	0.255843855	0.769316635
1.531	0.257831644	0.77529387
1.532	0.259721131	0.780975516
1.533	0.261508156	0.786349059
1.534	0.263177695	0.791369325
1.535	0.264739131	0.796064526
1.536	0.266207976	0.800481311
1.537	0.267541182	0.80449023
1.538	0.268804743	0.80828973
1.539	0.26998786	0.811847334
1.54	0.271079708	0.815130498
1.541	0.272064097	0.818090532
1.542	0.273002363	0.820911878
1.543	0.273860478	0.82349221
1.544	0.274666766	0.825916698
1.545	0.275401392	0.828125702
1.546	0.276087708	0.83018944
1.547	0.276722851	0.832099298
1.548	0.277294582	0.833818482
1.549	0.277802461	0.835345663
1.55	0.278292781	0.836820043
1.551	0.278743659	0.838175823
1.552	0.279167545	0.839450438
1.553	0.279581144	0.84069412
1.554	0.279952334	0.841810281
1.555	0.280267172	0.842756991
1.556	0.280555995	0.843625474
1.557	0.280844136	0.84449191
1.558	0.281097295	0.845253153
1.559	0.281315364	0.84590888
1.56	0.281524045	0.846536381
1.561	0.281707553	0.847088183
1.562	0.281864647	0.847560561
1.563	0.282011722	0.848002814
1.564	0.282137035	0.848379627
1.565	0.282246103	0.848707593
1.566	0.282344152	0.849002422
1.567	0.282428621	0.849256419
1.568	0.282529742	0.849560486
1.569	0.282640461	0.849893417
1.57	0.28272385	0.850144166
1.571	0.282795744	0.85036035
1.572	0.282875495	0.850600159
1.573	0.282927001	0.850755035
1.574	0.282964461	0.850867677
1.575	0.283027799	0.851058134
1.576	0.283102323	0.851282225
1.577	0.283156109	0.851443959
1.578	0.28318758	0.851538592
1.579	0.283240023	0.851696286
1.58	0.283294742	0.851860826
1.581	0.283316458	0.851926126
1.582	0.283343668	0.852007945
1.583	0.283364129	0.852069471
1.584	0.283351716	0.852032144
1.585	0.283329765	0.851966138
1.586	0.283288878	0.851843193
1.587	0.28322247	0.851643506
1.588	0.283140365	0.851396617
1.589	0.283042401	0.851102042
1.59	0.282946066	0.850812364
1.591	0.282847853	0.850517039
1.592	0.28272591	0.85015036
1.593	0.282630446	0.849863302
1.594	0.282559819	0.849650929
1.595	0.282481408	0.849415149
1.596	0.282418222	0.849225151
1.597	0.282369901	0.849079849
1.598	0.282350034	0.849020109
1.599	0.282333586	0.848970652
1.6	0.282331157	0.848963346
1.601	0.282365021	0.849065174
1.602	0.282388269	0.849135081
1.603	0.282413287	0.849210311
1.604	0.282451099	0.849324011
1.605	0.282473987	0.849392835
1.606	0.282491777	0.849446328
1.607	0.282526004	0.849549249
1.608	0.282570637	0.84968346
1.609	0.282641516	0.849896589
1.61	0.282723457	0.850142983
1.611	0.282796599	0.85036292
1.612	0.282889801	0.850643178
1.613	0.28296397	0.850866201
1.614	0.283031547	0.851069404
1.615	0.283149313	0.851423523
1.616	0.283265171	0.851771906
1.617	0.283380141	0.852117619
1.618	0.283511255	0.852511874
1.619	0.283621465	0.852843274
1.62	0.283741077	0.853202945
1.621	0.283886465	0.853640122
1.622	0.284049351	0.854129918
1.623	0.284196279	0.854571727
1.624	0.284304025	0.854895717
1.625	0.284402449	0.855191675
1.626	0.284473667	0.855405826
1.627	0.284491535	0.855459556
1.628	0.284474089	0.855407095
1.629	0.28443055	0.855276175
1.63	0.28434357	0.855014629
1.631	0.284222819	0.854651531
1.632	0.284093151	0.854261623
1.633	0.283956264	0.853850008
1.634	0.283794534	0.853363689
1.635	0.283625219	0.852854562
1.636	0.283460189	0.852358321
1.637	0.283271915	0.851792184
1.638	0.283092047	0.851251326
1.639	0.282921526	0.850738575
1.64	0.28272428	0.85014546
1.641	0.282496833	0.84946153
1.642	0.282230611	0.848661007
1.643	0.28196429	0.847860187
1.644	0.281691606	0.847040232
1.645	0.281371095	0.846076463
1.646	0.281044941	0.845095725
1.647	0.280726743	0.84413891
1.648	0.280379084	0.843093509
1.649	0.28004735	0.842095992
1.65	0.279742168	0.841178317
1.651	0.279406589	0.840169239
1.652	0.279109912	0.839277137
1.653	0.278859185	0.838523207
1.654	0.27857119	0.837657211
1.655	0.278257574	0.836714176
1.656	0.277940735	0.835761447
1.657	0.277619966	0.834796904
1.658	0.277310748	0.833867092
1.659	0.276995982	0.832920598
1.66	0.27662599	0.831808039
1.661	0.276220202	0.830587846
1.662	0.275807774	0.829347684
1.663	0.275383497	0.828071894
1.664	0.274942486	0.826745783
1.665	0.274463131	0.825304374
1.666	0.273967438	0.823813834
1.667	0.273452984	0.822266884
1.668	0.272890652	0.820575965
1.669	0.272287729	0.818762988
1.67	0.271637316	0.816807211
1.671	0.27094766	0.814733432
1.672	0.270242708	0.812613656
1.673	0.269529625	0.810469433
1.674	0.268767383	0.808177389
1.675	0.267953233	0.805729256
1.676	0.267128401	0.803249006
1.677	0.266254736	0.800621917
1.678	0.265325719	0.797828384
1.679	0.264360696	0.794926581
1.68	0.263355584	0.791904233
1.681	0.262329105	0.788817634
1.682	0.261257929	0.78559663
1.683	0.26012557	0.782191655
1.684	0.258923219	0.778576213
1.685	0.257644633	0.774731533
1.686	0.256356161	0.770857126
1.687	0.255057529	0.766952171
1.688	0.253681278	0.762813815
1.689	0.252256606	0.758529857
1.69	0.250774541	0.754073324
1.691	0.249229828	0.749428405
1.692	0.247688676	0.744794196
1.693	0.246095554	0.740003717
1.694	0.244450949	0.735058426
1.695	0.242811768	0.730129446
1.696	0.241120124	0.725042711
1.697	0.239413784	0.719911786
1.698	0.237711211	0.714792189
1.699	0.235971989	0.709562387
1.7	0.234215102	0.704279467
1.701	0.232477036	0.699053143
1.702	0.2307507	0.693862089
1.703	0.229006377	0.68861695
1.704	0.227258211	0.683360255
1.705	0.225529841	0.678163085
1.706	0.223803285	0.672971373
1.707	0.222050102	0.66769959
1.708	0.220293828	0.662418515
1.709	0.218540128	0.657145178
1.71	0.216770496	0.651823937
1.711	0.214999272	0.646497904
1.712	0.213237216	0.641199445
1.713	0.211487149	0.635937032
1.714	0.209698152	0.630557558
1.715	0.207968635	0.62535694
1.716	0.206246783	0.620179369
1.717	0.204609607	0.615256419
1.718	0.203023937	0.610488345
1.719	0.201517603	0.605958834
1.72	0.200056417	0.601565081
1.721	0.198745944	0.59762452
1.722	0.197530141	0.593968628
1.723	0.196404304	0.590583261
1.724	0.195412508	0.587600954
1.725	0.194493026	0.584836092
1.726	0.193654017	0.582313212
1.727	0.192886832	0.580006304
1.728	0.192238363	0.578056371
1.729	0.191655824	0.576304689
1.73	0.191087896	0.574596944
1.731	0.190572894	0.573048343
1.732	0.190097132	0.57161774
1.733	0.189577414	0.570054958
1.734	0.189045315	0.56845495
1.735	0.18852702	0.566896448
1.736	0.18801644	0.565361144
1.737	0.187493853	0.563789738
1.738	0.187008361	0.562329873
1.739	0.186519673	0.560860401
1.74	0.185993663	0.559278701
1.741	0.185547357	0.55793667
1.742	0.185161344	0.556775936
1.743	0.184779885	0.555628898
1.744	0.184456262	0.554655771
1.745	0.184161881	0.553770573
1.746	0.183822457	0.552749935
1.747	0.183541337	0.551904612
1.748	0.183307692	0.551202047
1.749	0.183026736	0.550357218
1.75	0.182783992	0.549627293
1.751	0.182578686	0.549009943
1.752	0.182349968	0.548322193
1.753	0.182117346	0.547622704
1.754	0.181909506	0.546997733
1.755	0.18171047	0.546399238
1.756	0.18149519	0.545751896
1.757	0.181303111	0.545174317
1.758	0.181101876	0.544569209
1.759	0.180875198	0.543887594
1.76	0.180650573	0.543212152
1.761	0.180470242	0.5426699
1.762	0.180199698	0.541856379
1.763	0.179863693	0.540846021
1.764	0.179540988	0.539875653
1.765	0.179183274	0.538800016
1.766	0.178812107	0.537683925
1.767	0.178439586	0.536563762
1.768	0.178047889	0.535385939
1.769	0.177609311	0.534067147
1.77	0.177195597	0.532823116
1.771	0.176799019	0.531630616
1.772	0.176375771	0.530357918
1.773	0.175937527	0.529040131
1.774	0.175505795	0.527741923
1.775	0.17508314	0.526471006
1.776	0.17459833	0.525013194
1.777	0.174113452	0.523555177
1.778	0.173535109	0.521816114
1.779	0.172874721	0.519830342
1.78	0.172215655	0.517848547
1.781	0.171508982	0.515723594
1.782	0.170799581	0.513590442
1.783	0.170077323	0.511418631
1.784	0.169286048	0.509039283
1.785	0.168449442	0.506523628
1.786	0.167547951	0.503812865
1.787	0.166612905	0.501001203
1.788	0.165635291	0.49806154
1.789	0.164624411	0.495021847
1.79	0.163573046	0.491860418
1.791	0.162483799	0.488585078
1.792	0.161373038	0.485245044
1.793	0.160192631	0.481695586
1.794	0.158967737	0.478012358
1.795	0.157667785	0.474103433
1.796	0.156263804	0.469881693
1.797	0.154865671	0.46567754
1.798	0.153386512	0.461229741
1.799	0.151957096	0.45693152
1.8	0.150516005	0.452598191
1.801	0.149127552	0.448423146
1.802	0.147753099	0.444290198
1.803	0.146447395	0.440363976
1.804	0.145163531	0.436503426
1.805	0.14400931	0.433032709
1.806	0.142904525	0.429710645
1.807	0.141985006	0.426945673
1.808	0.141218141	0.424639729
1.809	0.140548041	0.422624754
1.81	0.140043281	0.42110695
1.811	0.13958011	0.419714205
1.812	0.139167625	0.418473872
1.813	0.138881931	0.417614797
1.814	0.138679874	0.417007217
1.815	0.138571672	0.416681857
1.816	0.138573347	0.416686892
1.817	0.138598412	0.416762263
1.818	0.138627961	0.416851115
1.819	0.138692197	0.417044273
1.82	0.138842071	0.41749494
1.821	0.139075148	0.418195797
1.822	0.139362412	0.419059593
1.823	0.139753454	0.420235447
1.824	0.140132484	0.421375183
1.825	0.140522185	0.422547004
1.826	0.140970988	0.423896545
1.827	0.141463101	0.425376317
1.828	0.141996328	0.426979717
1.829	0.14263523	0.428900882
1.83	0.143202116	0.430605497
1.831	0.141021315	0.424047878
1.832	0.141546949	0.425628445
1.833	0.142052894	0.42714981
1.834	0.142569267	0.428702533
1.835	0.143077342	0.430230303
1.836	0.143553203	0.431661207
1.837	0.143972841	0.432923048
1.838	0.144315948	0.433954763
1.839	0.144634736	0.43491335
1.84	0.144912077	0.435747308
1.841	0.145140775	0.436435
1.842	0.145384475	0.437167799
1.843	0.145621487	0.43788049
1.844	0.145792724	0.438395396
1.845	0.145915074	0.438763297
1.846	0.146011017	0.439051797
1.847	0.14608915	0.43928674
1.848	0.146102759	0.439327662
1.849	0.146057476	0.439191497
1.85	0.145966643	0.438918365
1.851	0.145810639	0.438449264
1.852	0.145535356	0.437621496
1.853	0.145151948	0.436468597
1.854	0.144711027	0.435142755
1.855	0.144120817	0.433368007
1.856	0.143406219	0.43121923
1.857	0.142541763	0.428619828
1.858	0.141602507	0.425795508
1.859	0.140551622	0.42263552
1.86	0.139380726	0.419114662
1.861	0.138129385	0.415351909
1.862	0.136746196	0.411192692
1.863	0.135210889	0.406576058
1.864	0.133572351	0.401649013
1.865	0.131843482	0.396450341
1.866	0.130066783	0.39110785
1.867	0.128205597	0.385511306
1.868	0.126298175	0.37977573
1.869	0.124334652	0.373871463
1.87	0.122318845	0.367809977
1.871	0.1202664	0.36163832
1.872	0.118186863	0.3553852
1.873	0.116071333	0.349023851
1.874	0.113927817	0.342578346
1.875	0.111799316	0.336177991
1.876	0.10969524	0.329851084
1.877	0.107625889	0.323628592
1.878	0.105579675	0.317475673
1.879	0.103604207	0.311535486
1.88	0.101649099	0.305656522
1.881	0.099692858	0.299774151
1.882	0.097758295	0.293956963
1.883	0.095826597	0.28814839
1.884	0.093920234	0.282415999
1.885	0.092013219	0.276681651
1.886	0.090106674	0.270948714
1.887	0.088227169	0.265297083
1.888	0.0863335	0.259602864
1.889	0.0843965	0.253778351
1.89	0.082437651	0.247888134
1.891	0.080450591	0.241913091
1.892	0.07845242	0.235904637
1.893	0.07645054	0.22988503
1.894	0.074447423	0.223861702
1.895	0.07245095	0.217858354
1.896	0.070454813	0.211856014
1.897	0.068449233	0.205825281
1.898	0.06643501	0.199768561
1.899	0.064404437	0.193662672
1.9	0.062349817	0.187484478
1.901	0.060301429	0.181325022
1.902	0.058234736	0.175110523
1.903	0.056160222	0.168872507
1.904	0.05409945	0.16267581
1.905	0.052045791	0.156500507
1.906	0.049968479	0.150254075
1.907	0.047920715	0.144096497
1.908	0.045888114	0.137984511
1.909	0.043879997	0.131946151
1.91	0.041947632	0.126135572
1.911	0.040104666	0.120593814
1.912	0.038361513	0.115352194
1.913	0.036749714	0.110505551
1.914	0.035267785	0.106049425
1.915	0.033909009	0.101963617
1.916	0.032600259	0.098028236
1.917	0.031362998	0.094307818
1.918	0.030185459	0.090766987
1.919	0.029047841	0.087346196
1.92	0.027990892	0.084167974
1.921	0.027003936	0.081200221
1.922	0.02610391	0.078493861
1.923	0.025253502	0.075936705
1.924	0.024430535	0.073462062
1.925	0.023659587	0.071143839
1.926	0.022974873	0.069084919
1.927	0.022344216	0.067188547
1.928	0.021799481	0.065550542
1.929	0.02135882	0.064225484
1.93	0.021038353	0.063261848
1.931	0.020789132	0.062512446
1.932	0.020582424	0.061890879
1.933	0.02043588	0.061450223
1.934	0.020328228	0.061126518
1.935	0.020270039	0.060951545
1.936	0.020274757	0.060965731
1.937	0.020317701	0.061094862
1.938	0.020406544	0.061362011
1.939	0.020542484	0.061770781
1.94	0.020732066	0.062340849
1.941	0.020952343	0.063003216
1.942	0.021202261	0.063754716
1.943	0.021451803	0.064505083
1.944	0.021693606	0.065232177
1.945	0.021943457	0.065983476
1.946	0.022239749	0.066874418
1.947	0.022599618	0.067956537
1.948	0.023005947	0.069178357
1.949	0.023482711	0.070611978
1.95	0.024021813	0.072233043
1.951	0.02459024	0.073942291
1.952	0.025260248	0.075956989
1.953	0.026017759	0.078234807
1.954	0.026842575	0.080715011
1.955	0.02772301	0.083362459
1.956	0.028721256	0.086364162
1.957	0.029746942	0.089448377
1.958	0.030762218	0.092501287
1.959	0.031754376	0.095484685
1.96	0.032699711	0.098327284
1.961	0.03359829	0.101029292
1.962	0.034427889	0.103523875
1.963	0.035222327	0.105912733
1.964	0.035945964	0.108088695
1.965	0.036695859	0.110343611
1.966	0.037343436	0.11229086
1.967	0.03812806	0.114650205
1.968	0.038934788	0.11707602
1.969	0.039846339	0.119817032
1.97	0.040905178	0.123000938
1.971	0.042138702	0.126710114
1.972	0.043569504	0.131012504
1.973	0.04526564	0.136112748
1.974	0.047148687	0.141775025
1.975	0.049222952	0.148012293
1.976	0.051477831	0.154792662
1.977	0.05381917	0.161833015
1.978	0.056199073	0.168989329
1.979	0.058712241	0.176546369
1.98	0.061166466	0.183926167
1.981	0.063663372	0.191434308
1.982	0.066147142	0.198902947
1.983	0.068530335	0.206069155
1.984	0.070844358	0.213027367
1.985	0.073087462	0.219772332
1.986	0.075182345	0.226071596
1.987	0.077203416	0.232148909
1.988	0.079153278	0.238012101
1.989	0.080982546	0.243512667
1.99	0.082744237	0.248810034
1.991	0.084402844	0.253797426
1.992	0.085955976	0.258467658
1.993	0.087440127	0.262930467
1.994	0.088807852	0.267043184
1.995	0.090141731	0.271054127
1.996	0.091415263	0.274883609
1.997	0.092633539	0.278546937
1.998	0.093760708	0.281936309
1.999	0.09486854	0.285267535
2	0.095929481	0.288457762
2.001	0.096916894	0.29142689
2.002	0.097855178	0.294248286
2.003	0.098727964	0.296872736
2.004	0.099539984	0.299314459
2.005	0.100309406	0.301628095
2.006	0.101025063	0.303780058
2.007	0.10169176	0.305784802
2.008	0.102333604	0.307714813
2.009	0.102929576	0.309506886
2.01	0.103477383	0.311154129
2.011	0.104001573	0.312730356
2.012	0.104471969	0.314144827
2.013	0.104864887	0.315326323
2.014	0.105215285	0.316379962
2.015	0.105556303	0.317405395
2.016	0.105886433	0.318398088
2.017	0.106162885	0.319229373
2.018	0.106382341	0.319889271
2.019	0.106563626	0.320434392
2.02	0.106691457	0.320818776
2.021	0.106802337	0.321152191
2.022	0.10688837	0.32141089
2.023	0.106954537	0.321609853
2.024	0.106991062	0.321719682
2.025	0.106997567	0.321739244
2.026	0.106981036	0.321689534
2.027	0.106938765	0.321562426
2.028	0.106861074	0.321328811
2.029	0.106754985	0.321009805
2.03	0.106655203	0.320709761
2.031	0.106552162	0.32039992
2.032	0.106408714	0.319968574
2.033	0.106266839	0.31954196
2.034	0.106095504	0.319026759
2.035	0.105876013	0.318366755
2.036	0.105661035	0.317720323
2.037	0.105452396	0.31709295
2.038	0.105218901	0.316390835
2.039	0.104975752	0.315659691
2.04	0.104711981	0.314866536
2.041	0.104409406	0.313956703
2.042	0.104125546	0.313103142
2.043	0.103839301	0.312242409
2.044	0.10356107	0.311405774
2.045	0.103290325	0.310591649
2.046	0.103014016	0.309760796
2.047	0.102752228	0.308973604
2.048	0.102473695	0.308136062
2.049	0.102178175	0.30724744
2.05	0.10192754	0.306493788
2.051	0.101677207	0.305741043
2.052	0.101415344	0.304953627
2.053	0.101178205	0.304240555
2.054	0.100902057	0.303410184
2.055	0.100617836	0.302555537
2.056	0.100301566	0.301604521
2.057	0.100010258	0.300728564
2.058	0.099719663	0.299854751
2.059	0.099435876	0.299001411
2.06	0.09916659	0.298191673
2.061	0.098883254	0.297339688
2.062	0.09859891	0.296484673
2.063	0.098299634	0.295584756
2.064	0.098003092	0.294693062
2.065	0.097701949	0.293787532
2.066	0.09740035	0.292880631
2.067	0.097116398	0.292026792
2.068	0.096830804	0.291168018
2.069	0.096573848	0.290395359
2.07	0.096346898	0.289712925
2.071	0.096093126	0.288949837
2.072	0.095856302	0.288237714
2.073	0.095611863	0.287502691
2.074	0.095419102	0.286923063
2.075	0.095238843	0.286381027
2.076	0.095107607	0.285986404
2.077	0.095042566	0.285790827
2.078	0.094961945	0.285548402
2.079	0.094893923	0.285343862
2.08	0.094841582	0.285186473
2.081	0.094801021	0.285064507
2.082	0.094775957	0.284989142
2.083	0.094760346	0.284942199
2.084	0.094767117	0.284962559
2.085	0.094761433	0.284945468
2.086	0.094751269	0.284914905
2.087	0.094777871	0.284994896
2.088	0.094791758	0.285036654
2.089	0.094788539	0.285026974
2.09	0.094781553	0.285005968
2.091	0.094765868	0.284958804
2.092	0.094714025	0.284802911
2.093	0.094693407	0.284740913
2.094	0.094706493	0.284780265
2.095	0.094681194	0.28470419
2.096	0.094644392	0.284593527
2.097	0.094596754	0.284450282
2.098	0.094516327	0.284208438
2.099	0.094446931	0.283999765
2.1	0.094363452	0.283748747
2.101	0.094317904	0.283611785
2.102	0.094283237	0.283507543
2.103	0.094230415	0.283348709
2.104	0.094179462	0.283195495
2.105	0.094136999	0.283067809
2.106	0.094090363	0.282927576
2.107	0.094047705	0.282799304
2.108	0.094039884	0.282775786
2.109	0.094044804	0.282790581
2.11	0.094017857	0.282709552
2.111	0.093988248	0.282620517
2.112	0.093933706	0.282456512
2.113	0.093860334	0.282235882
2.114	0.093751587	0.281908884
2.115	0.093613607	0.281493979
2.116	0.093472305	0.281069088
2.117	0.093295832	0.280538437
2.118	0.093131045	0.280042929
2.119	0.09298363	0.279599654
2.12	0.09279892	0.279044235
2.121	0.092608376	0.278471273
2.122	0.09236778	0.277747806
2.123	0.092107455	0.276965017
2.124	0.091846096	0.276179114
2.125	0.091577564	0.275371644
2.126	0.091349933	0.274687163
2.127	0.09113856	0.27405157
2.128	0.090885933	0.273291927
2.129	0.090624403	0.272505512
2.13	0.090367535	0.271733116
2.131	0.090118527	0.270984354
2.132	0.089879487	0.270265567
2.133	0.089643821	0.269556925
2.134	0.089420068	0.268884105
2.135	0.089209154	0.268249891
2.136	0.089016577	0.267670815
2.137	0.088798572	0.267015278
2.138	0.088591667	0.266393121
2.139	0.08836072	0.265698669
2.14	0.088089835	0.264884125
2.141	0.087833536	0.264113439
2.142	0.087593524	0.263391729
2.143	0.087342418	0.262636658
2.144	0.087088621	0.261873495
2.145	0.08681139	0.261039868
2.146	0.086552348	0.260260936
2.147	0.086248026	0.259345848
2.148	0.085925766	0.258376819
2.149	0.085619343	0.25745541
2.15	0.085304617	0.256509036
2.151	0.085015409	0.255639396
2.152	0.084745877	0.25482892
2.153	0.084478407	0.254024641
2.154	0.084216316	0.25323654
2.155	0.083942059	0.252411857
2.156	0.083697946	0.251677813
2.157	0.083507724	0.25110582
2.158	0.083351182	0.250635104
2.159	0.083249888	0.250330514
2.16	0.083165284	0.250076113
2.161	0.083114381	0.249923047
2.162	0.083072729	0.249797799
2.163	0.083048782	0.249725794
2.164	0.083047253	0.249721195
2.165	0.083061209	0.249763159
2.166	0.083115121	0.249925273
2.167	0.083230168	0.250271217
2.168	0.083330907	0.250574137
2.169	0.083453731	0.250943465
2.17	0.083554914	0.251247719
2.171	0.083684434	0.251637184
2.172	0.083741593	0.251809059
2.173	0.083837226	0.252096625
2.174	0.083967848	0.252489404
2.175	0.084043365	0.25271648
2.176	0.084193678	0.25316847
2.177	0.084373363	0.253708778
2.178	0.08453338	0.254189945
2.179	0.084763342	0.254881436
2.18	0.085025757	0.25567051
2.181	0.085270731	0.256407144
2.182	0.085523049	0.257165856
2.183	0.085812978	0.258037666
2.184	0.08616046	0.259082536
2.185	0.086520177	0.260164197
2.186	0.086948366	0.261451754
2.187	0.087334093	0.262611625
2.188	0.087702164	0.263718405
2.189	0.088081556	0.26485923
2.19	0.088448552	0.265962778
2.191	0.088860274	0.267200816
2.192	0.089330215	0.268613918
2.193	0.089762829	0.269914779
2.194	0.090212015	0.271265471
2.195	0.09060835	0.272457242
2.196	0.090965401	0.273530886
2.197	0.091307083	0.274558315
2.198	0.091621341	0.27550328
2.199	0.091938911	0.276458208
2.2	0.092195807	0.277230687
2.201	0.092430367	0.277936006
2.202	0.092627047	0.278527416
2.203	0.092766129	0.278945634
2.204	0.092882673	0.279296078
2.205	0.092914943	0.279393114
2.206	0.092909892	0.279377924
2.207	0.092906934	0.27936903
2.208	0.092859909	0.279227628
2.209	0.092847649	0.279190762
2.21	0.092850139	0.279198251
2.211	0.09282758	0.279130416
2.212	0.092795391	0.279033624
2.213	0.092733279	0.278846854
2.214	0.09265437	0.278609578
2.215	0.092561878	0.278331454
2.216	0.092468385	0.278050324
2.217	0.092382891	0.277793245
2.218	0.092283847	0.277495422
2.219	0.092142063	0.277069082
2.22	0.092041599	0.276766989
2.221	0.091949342	0.276489575
2.222	0.091892359	0.276318227
2.223	0.091859803	0.276220332
2.224	0.091849063	0.276188038
2.225	0.091879384	0.276279211
2.226	0.091905317	0.276357192
2.227	0.091964265	0.276534445
2.228	0.091989477	0.276610257
2.229	0.09200425	0.27665468
2.23	0.092001919	0.276647671
2.231	0.09198332	0.276591743
2.232	0.091953264	0.276501368
2.233	0.091915404	0.276387522
2.234	0.091872434	0.276258314
2.235	0.091781502	0.275984883
2.236	0.091628875	0.275525935
2.237	0.091421951	0.274903721
2.238	0.091155524	0.27410258
2.239	0.090876364	0.273263152
2.24	0.090593112	0.272411422
2.241	0.090326713	0.271610366
2.242	0.09008899	0.270895538
2.243	0.089823122	0.270096078
2.244	0.089554666	0.269288837
2.245	0.089288106	0.268487298
2.246	0.088983974	0.267572778
2.247	0.088682376	0.266665882
2.248	0.088408186	0.265841397
2.249	0.088169867	0.26512478
2.25	0.087990508	0.26458545
2.251	0.087856615	0.264182835
2.252	0.087759061	0.263889493
2.253	0.087658076	0.263585835
2.254	0.087531839	0.263206244
2.255	0.087422121	0.262876324
2.256	0.087328864	0.262595903
2.257	0.087246965	0.262349632
2.258	0.087216653	0.262258485
2.259	0.087213086	0.262247761
2.26	0.087149698	0.262057153
2.261	0.087042705	0.261735428
2.262	0.086929926	0.261396303
2.263	0.086806829	0.261026155
2.264	0.086626089	0.260482672
2.265	0.086502752	0.260111801
2.266	0.086399288	0.259800686
2.267	0.086336322	0.259611351
2.268	0.086324481	0.259575744
2.269	0.086282742	0.259450237
2.27	0.086282308	0.259448931
2.271	0.086206535	0.259221085
2.272	0.086069473	0.258808942
2.273	0.085947518	0.258442225
2.274	0.085803844	0.2580102
2.275	0.085666087	0.257595968
2.276	0.085527612	0.257179579
2.277	0.085383957	0.256747612
2.278	0.085234085	0.256296949
2.279	0.085075019	0.255818642
2.28	0.084965595	0.255489606
2.281	0.084898753	0.255288614
2.282	0.084830428	0.255083161
2.283	0.084775803	0.254918906
2.284	0.084685764	0.25464816
2.285	0.084498441	0.254084883
2.286	0.084275734	0.253415209
2.287	0.084037498	0.25269884
2.288	0.083732263	0.251781006
2.289	0.083368568	0.25068738
2.29	0.082999723	0.249578273
2.291	0.082614901	0.248421123
2.292	0.082169203	0.247080919
2.293	0.081692503	0.245647492
2.294	0.081199908	0.244166271
2.295	0.080639131	0.242480026
2.296	0.080045195	0.240694076
2.297	0.079468336	0.238959474
2.298	0.078872214	0.237166947
2.299	0.07827194	0.235361939
2.3	0.077672586	0.233559693
2.301	0.077051119	0.231690957
2.302	0.076403922	0.22974485
2.303	0.075722486	0.227695788
2.304	0.075026298	0.225602367
2.305	0.074319643	0.223477472
2.306	0.073597565	0.221306199
2.307	0.072879241	0.219146215
2.308	0.072175196	0.217029167
2.309	0.071476351	0.214927758
2.31	0.070769459	0.212802148
2.311	0.070061053	0.210671987
2.312	0.069321053	0.208446826
2.313	0.068523443	0.206048431
2.314	0.067753632	0.203733627
2.315	0.067019705	0.201526725
2.316	0.066275022	0.199287478
2.317	0.065586303	0.197216515
2.318	0.064873589	0.195073402
2.319	0.064069814	0.192656469
2.32	0.063253914	0.190203077
2.321	0.062381735	0.187580454
2.322	0.061531717	0.185024468
2.323	0.060784108	0.182776426
2.324	0.060038302	0.180533804
2.325	0.0592621	0.178199781
2.326	0.058444981	0.175742724
2.327	0.057565402	0.17309785
2.328	0.05667886	0.17043204
2.329	0.055856498	0.167959216
2.33	0.055100632	0.165686342
2.331	0.054346582	0.163418933
2.332	0.053538705	0.160989666
2.333	0.052763033	0.158657235
2.334	0.052009435	0.156391183
2.335	0.05119046	0.153928545
2.336	0.050433657	0.151652855
2.337	0.049677712	0.149379746
2.338	0.048853826	0.146902341
2.339	0.048180106	0.144876478
2.34	0.047578184	0.143066515
2.341	0.046925142	0.141102833
2.342	0.046259064	0.139099949
2.343	0.045524019	0.136889688
2.344	0.044770878	0.134625008
2.345	0.044044638	0.132441222
2.346	0.043366598	0.130402369
2.347	0.042753396	0.128558488
2.348	0.042177471	0.126826694
2.349	0.041644123	0.125222928
2.35	0.041133908	0.123688724
2.351	0.04056705	0.121984192
2.352	0.039963139	0.120168248
2.353	0.039350781	0.118326901
2.354	0.038724407	0.116443408
2.355	0.03820869	0.11489266
2.356	0.037753023	0.113522479
2.357	0.037308427	0.112185589
2.358	0.036870303	0.11086816
2.359	0.036343376	0.109283702
2.36	0.035840733	0.107772266
2.361	0.035347847	0.10629017
2.362	0.03482815	0.104727451
2.363	0.034464015	0.103632507
2.364	0.034086259	0.102496604
2.365	0.033624354	0.101107665
2.366	0.033224091	0.099904084
2.367	0.032773952	0.098550525
2.368	0.03234207	0.097251868
2.369	0.03199019	0.096193772
2.37	0.031689489	0.09528957
2.371	0.031415666	0.094466192
2.372	0.031090733	0.093489124
2.373	0.030761625	0.092499503
2.374	0.030423444	0.091482603
2.375	0.030102113	0.090516366
2.376	0.029872377	0.089825557
2.377	0.029635454	0.089113134
2.378	0.029383355	0.088355078
2.379	0.029198698	0.087799818
2.38	0.029000643	0.087204273
2.381	0.028826414	0.086680369
2.382	0.028676144	0.086228509
2.383	0.028408111	0.085422543
2.384	0.028148066	0.084640592
2.385	0.02793172	0.083990044
2.386	0.027743155	0.083423033
2.387	0.027718375	0.083348523
2.388	0.027689747	0.083262439
2.389	0.02759062	0.082964365
2.39	0.027460001	0.082571595
2.391	0.027266453	0.081989603
2.392	0.027132966	0.081588209
2.393	0.027013249	0.081228224
2.394	0.026900603	0.080889498
2.395	0.026861497	0.080771908
2.396	0.026850075	0.080737562
2.397	0.026865831	0.080784942
2.398	0.026891714	0.080862772
2.399	0.02692596	0.080965747
2.4	0.026935865	0.08099553
2.401	0.026856604	0.080757195
2.402	0.026836723	0.080697413
2.403	0.02694412	0.081020353
2.404	0.026997987	0.081182331
2.405	0.027072445	0.081406224
2.406	0.0271934	0.081769934
2.407	0.027156869	0.081660086
2.408	0.027125734	0.081566465
2.409	0.027175901	0.081717313
2.41	0.027211082	0.081823101
2.411	0.027347495	0.082233294
2.412	0.027445713	0.082528632
2.413	0.027503659	0.082702875
2.414	0.027526898	0.082772753
2.415	0.027400545	0.082392813
2.416	0.027413371	0.082431381
2.417	0.027431117	0.082484743
2.418	0.027399767	0.082390473
2.419	0.027529834	0.082781583
2.42	0.027556311	0.082861199
2.421	0.027510259	0.08272272
2.422	0.027549911	0.082841953
2.423	0.027537775	0.082805461
2.424	0.027539981	0.082812095
2.425	0.027627185	0.083074315
2.426	0.027682086	0.0832394
2.427	0.027788579	0.083559624
2.428	0.027919327	0.08395278
2.429	0.027978786	0.084131572
2.43	0.028009436	0.084223734
2.431	0.028001341	0.084199395
2.432	0.028050079	0.084345949
2.433	0.028004996	0.084210383
2.434	0.028050288	0.084346576
2.435	0.028228153	0.084881413
2.436	0.028295263	0.085083209
2.437	0.028416814	0.085448711
2.438	0.028438143	0.085512847
2.439	0.028295693	0.085084502
2.44	0.028276225	0.085025962
2.441	0.028163033	0.084685598
2.442	0.028169186	0.084704101
2.443	0.028438573	0.085514141
2.444	0.02849179	0.085674163
2.445	0.028462716	0.085586739
2.446	0.02844196	0.085524325
2.447	0.028312176	0.085134066
2.448	0.028249332	0.084945098
2.449	0.02817102	0.084709613
2.45	0.028314638	0.085141472
2.451	0.028378841	0.085334528
2.452	0.028271885	0.085012913
2.453	0.028285149	0.085052796
2.454	0.028145142	0.084631801
2.455	0.027908774	0.083921046
2.456	0.027769876	0.083503384
2.457	0.027663162	0.083182498
2.458	0.027725458	0.083369819
2.459	0.027735148	0.083398959
2.46	0.027790747	0.083566141
2.461	0.027893038	0.083873728
2.462	0.027727643	0.08337639
2.463	0.027607596	0.083015411
2.464	0.027531933	0.082787893
2.465	0.027445221	0.082527155
2.466	0.027469295	0.082599545
2.467	0.027442692	0.082519549
2.468	0.027536976	0.082803058
2.469	0.027605788	0.083009974
2.47	0.027451557	0.082546205
2.471	0.027334244	0.082193447
2.472	0.027021823	0.081254004
2.473	0.026707424	0.080308615
2.474	0.026887418	0.080849853
2.475	0.02714393	0.081621179
2.476	0.027300745	0.082092716
2.477	0.027259188	0.081967755
2.478	0.026807393	0.080609219
2.479	0.026564718	0.079879502
2.48	0.026301869	0.079089121
2.481	0.026217278	0.078834757
2.482	0.026316552	0.079133271
2.483	0.02624398	0.078915048
2.484	0.026326734	0.079163888
2.485	0.026211993	0.078818865
2.486	0.025802315	0.077586973
2.487	0.025609907	0.077008406
2.488	0.025367562	0.076279681
2.489	0.025289105	0.076043762
2.49	0.025408959	0.076404159
2.491	0.025457276	0.076549447
2.492	0.025689943	0.077249071
2.493	0.0254292	0.076465023
2.494	0.025247858	0.075919734
2.495	0.025014088	0.075216793
2.496	0.024536128	0.073779576
2.497	0.024717969	0.07432637
2.498	0.024920126	0.07493425
2.499	0.025029748	0.075263883
2.5	0.025362122	0.076263321
