MgCl2.2H2O 80K NIR reflectance spectra from 0.35-2.5um		
Data from Hanley et al. (2014)		
		
Wavelength (um)	% Reflectance	normalized
0.35	0.291129582	0.924290752
0.351	0.286879102	0.910796145
0.352	0.289280145	0.91841908
0.353	0.292332026	0.928108322
0.354	0.290147582	0.921173057
0.355	0.289511563	0.919153794
0.356	0.291683159	0.926048272
0.357	0.293825048	0.932848434
0.358	0.292312393	0.928045992
0.359	0.29240839	0.928350767
0.36	0.293011575	0.930265784
0.361	0.293262069	0.931061064
0.362	0.293185185	0.93081697
0.363	0.29414782	0.933873186
0.364	0.293542366	0.931950963
0.365	0.290927913	0.923650485
0.366	0.292931104	0.930010301
0.367	0.29363814	0.93225503
0.368	0.293359978	0.93137191
0.369	0.294230552	0.934135844
0.37	0.294780775	0.935882718
0.371	0.294316875	0.934409906
0.372	0.293650703	0.932294917
0.373	0.294611973	0.935346796
0.374	0.294178578	0.933970835
0.375	0.293544925	0.931959088
0.376	0.293829492	0.932862544
0.377	0.294732021	0.935727931
0.378	0.294632252	0.935411181
0.379	0.294377604	0.934602711
0.38	0.294979944	0.936515048
0.381	0.29416966	0.933942521
0.382	0.29403816	0.93352503
0.383	0.295030243	0.93667474
0.384	0.296097603	0.940063439
0.385	0.295203424	0.93722456
0.386	0.294542381	0.935125852
0.387	0.295341873	0.937664116
0.388	0.296349028	0.940861675
0.389	0.295933236	0.939541599
0.39	0.295678234	0.938732009
0.391	0.296994945	0.942912359
0.392	0.296976459	0.942853669
0.393	0.29683215	0.942395511
0.394	0.297031567	0.943028629
0.395	0.297427487	0.944285613
0.396	0.297373555	0.944114386
0.397	0.297517637	0.944571824
0.398	0.297996854	0.946093262
0.399	0.297952801	0.945953402
0.4	0.298578271	0.94793917
0.401	0.299207393	0.949936534
0.402	0.299131156	0.949694495
0.403	0.299126407	0.949679417
0.404	0.299559458	0.951054287
0.405	0.299911063	0.952170576
0.406	0.299349604	0.950388031
0.407	0.299160421	0.949787406
0.408	0.299374211	0.950466155
0.409	0.299642912	0.95131924
0.41	0.299289563	0.950197411
0.411	0.299690002	0.951468743
0.412	0.300189472	0.953054483
0.413	0.300085791	0.952725312
0.414	0.300467615	0.953937542
0.415	0.300582712	0.954302956
0.416	0.300470891	0.953947943
0.417	0.300633144	0.954463072
0.418	0.300817164	0.955047306
0.419	0.301001481	0.955632482
0.42	0.301109933	0.9559768
0.421	0.300909054	0.955339042
0.422	0.301145093	0.95608843
0.423	0.301538212	0.95733652
0.424	0.301657064	0.957713856
0.425	0.30168389	0.957799023
0.426	0.301704956	0.957865906
0.427	0.301739593	0.957975871
0.428	0.301769204	0.958069883
0.429	0.301929948	0.958580221
0.43	0.302155417	0.959296049
0.431	0.302366718	0.959966896
0.432	0.302517209	0.960444681
0.433	0.302625555	0.960788662
0.434	0.302746763	0.96117348
0.435	0.302909486	0.9616901
0.436	0.302968483	0.961877405
0.437	0.3029592	0.961847934
0.438	0.302987725	0.961938494
0.439	0.303193749	0.96259259
0.44	0.303347297	0.963080079
0.441	0.303433578	0.963354009
0.442	0.303491155	0.963536807
0.443	0.303582612	0.963827169
0.444	0.303691614	0.964173232
0.445	0.303765823	0.964408834
0.446	0.303774332	0.964435849
0.447	0.303925182	0.964914773
0.448	0.304025145	0.96523214
0.449	0.304052452	0.965318836
0.45	0.304207329	0.965810546
0.451	0.304406816	0.966443886
0.452	0.30459375	0.967037374
0.453	0.304743531	0.967512904
0.454	0.304920139	0.968073608
0.455	0.305048804	0.968482099
0.456	0.305162388	0.96884271
0.457	0.305333356	0.969385505
0.458	0.305400397	0.969598349
0.459	0.305561546	0.970109974
0.46	0.30582535	0.970947511
0.461	0.305851022	0.971029015
0.462	0.305977056	0.971429153
0.463	0.306219809	0.972199856
0.464	0.306472564	0.973002312
0.465	0.306524702	0.973167844
0.466	0.306725497	0.973805336
0.467	0.307073444	0.974910013
0.468	0.307286334	0.975585905
0.469	0.307350322	0.975789057
0.47	0.307583991	0.97653092
0.471	0.308048499	0.978005658
0.472	0.30811458	0.978215456
0.473	0.308358883	0.978991079
0.474	0.308720098	0.980137879
0.475	0.308936752	0.980825723
0.476	0.309087633	0.981304746
0.477	0.309237525	0.981780632
0.478	0.309405204	0.982312985
0.479	0.309560053	0.982804607
0.48	0.309845687	0.98371145
0.481	0.310110916	0.984553509
0.482	0.310258083	0.985020743
0.483	0.310554273	0.985961099
0.484	0.310815877	0.986791649
0.485	0.311014904	0.987423529
0.486	0.311216346	0.988063077
0.487	0.311451406	0.988809357
0.488	0.311680564	0.989536895
0.489	0.311874272	0.990151887
0.49	0.312028195	0.990640569
0.491	0.31222701	0.991271775
0.492	0.312453643	0.991991301
0.493	0.312662098	0.992653114
0.494	0.312843238	0.993228204
0.495	0.313014867	0.9937731
0.496	0.313131477	0.994143316
0.497	0.313109303	0.994072917
0.498	0.31323984	0.994487353
0.499	0.313387603	0.994956475
0.5	0.313446833	0.995144522
0.501	0.313583797	0.995579363
0.502	0.313734019	0.996056293
0.503	0.313854412	0.996438522
0.504	0.313930488	0.99668005
0.505	0.314094158	0.997199679
0.506	0.314276583	0.99777885
0.507	0.314398248	0.998165117
0.508	0.314387951	0.998132425
0.509	0.314481107	0.998428181
0.51	0.314563693	0.998690378
0.511	0.31451611	0.998539311
0.512	0.314571922	0.998716503
0.513	0.314670361	0.999029033
0.514	0.314782636	0.999385488
0.515	0.31490442	0.999772134
0.516	0.314976193	1
0.517	0.314942443	0.999892851
0.518	0.314845959	0.999586528
0.519	0.314949863	0.999916407
0.52	0.314968324	0.999975017
0.521	0.314911922	0.999795951
0.522	0.314900917	0.999761011
0.523	0.314935776	0.999871683
0.524	0.314949956	0.999916702
0.525	0.314914893	0.999805383
0.526	0.314854696	0.999614266
0.527	0.314849678	0.999598337
0.528	0.314832336	0.999543277
0.529	0.314754297	0.999295514
0.53	0.314772571	0.999353534
0.531	0.314806472	0.999461164
0.532	0.314792855	0.999417931
0.533	0.31469934	0.999121036
0.534	0.31469155	0.999096303
0.535	0.3146331	0.998910735
0.536	0.314463435	0.998372076
0.537	0.31437575	0.998093688
0.538	0.314242607	0.997670982
0.539	0.314073571	0.997134318
0.54	0.313915547	0.996632617
0.541	0.313722153	0.99601862
0.542	0.313493942	0.995294087
0.543	0.313264278	0.99456494
0.544	0.313099691	0.9940424
0.545	0.312930418	0.993504987
0.546	0.312772945	0.993005035
0.547	0.312664675	0.992661292
0.548	0.312649722	0.992613821
0.549	0.312601366	0.992460298
0.55	0.312538207	0.992259776
0.551	0.312572982	0.992370184
0.552	0.312624035	0.992532268
0.553	0.312712362	0.992812692
0.554	0.312845757	0.993236201
0.555	0.312976574	0.993651523
0.556	0.313097553	0.994035614
0.557	0.313202296	0.994368158
0.558	0.313285357	0.994631861
0.559	0.313334523	0.994787958
0.56	0.313341819	0.99481112
0.561	0.313293433	0.994657502
0.562	0.313167773	0.994258553
0.563	0.313062768	0.993925177
0.564	0.312996529	0.993714879
0.565	0.31294494	0.993551092
0.566	0.312823056	0.993164129
0.567	0.312688769	0.992737789
0.568	0.312623829	0.992531613
0.569	0.312704868	0.992788901
0.57	0.312728904	0.992865212
0.571	0.312778169	0.993021619
0.572	0.312907262	0.993431469
0.573	0.313018003	0.993783053
0.574	0.31308508	0.993996015
0.575	0.313142567	0.994178525
0.576	0.313238852	0.994484216
0.577	0.313295629	0.994664474
0.578	0.31347514	0.995234394
0.579	0.313664119	0.995834373
0.58	0.313392832	0.994973079
0.581	0.312917969	0.993465463
0.582	0.312349126	0.991659476
0.583	0.311752653	0.989765767
0.584	0.311126587	0.987778107
0.585	0.310669829	0.98632797
0.586	0.31030533	0.985170742
0.587	0.30980279	0.983575257
0.588	0.309716769	0.983302156
0.589	0.30981033	0.983599195
0.59	0.309825404	0.983647053
0.591	0.309700868	0.983251672
0.592	0.309741538	0.983380791
0.593	0.309807563	0.983590411
0.594	0.309664388	0.983135852
0.595	0.309716939	0.983302694
0.596	0.309865038	0.983772887
0.597	0.309917803	0.983940406
0.598	0.30962575	0.983013182
0.599	0.309507853	0.982638879
0.6	0.309462601	0.982495211
0.601	0.309277058	0.98190614
0.602	0.308924837	0.980787895
0.603	0.308834634	0.980501514
0.604	0.308905464	0.98072639
0.605	0.308679907	0.980010282
0.606	0.308380971	0.979061206
0.607	0.308277832	0.978733756
0.608	0.308374684	0.979041245
0.609	0.308075871	0.978092563
0.61	0.307876647	0.977460055
0.611	0.307879028	0.977467616
0.612	0.30797151	0.97776123
0.613	0.307729788	0.976993801
0.614	0.307515018	0.976311941
0.615	0.307506156	0.976283805
0.616	0.307587816	0.976543061
0.617	0.307416321	0.975998593
0.618	0.307207863	0.975336773
0.619	0.30720981	0.975342953
0.62	0.307269124	0.975531265
0.621	0.307152058	0.975159599
0.622	0.306940522	0.974488007
0.623	0.306918092	0.974416794
0.624	0.306966665	0.974571005
0.625	0.306875083	0.974280249
0.626	0.306623696	0.973482134
0.627	0.306596484	0.97339574
0.628	0.306636492	0.973522759
0.629	0.306591104	0.97337866
0.63	0.306364428	0.972658997
0.631	0.306200289	0.972137881
0.632	0.306193945	0.972117743
0.633	0.306254108	0.972308749
0.634	0.306104916	0.971835089
0.635	0.30599715	0.971492948
0.636	0.305979849	0.97143802
0.637	0.306005489	0.971519422
0.638	0.305872003	0.971095625
0.639	0.305785859	0.970822131
0.64	0.305784287	0.970817143
0.641	0.305791901	0.970841316
0.642	0.305747627	0.970700752
0.643	0.305639098	0.970356188
0.644	0.305523752	0.969989984
0.645	0.305571996	0.970143151
0.646	0.30557973	0.970167706
0.647	0.305484421	0.969865115
0.648	0.305322789	0.969351957
0.649	0.305345145	0.969422936
0.65	0.305392238	0.969572447
0.651	0.305353917	0.969450784
0.652	0.305198216	0.968956459
0.653	0.305103879	0.968656953
0.654	0.305095031	0.968628862
0.655	0.305129099	0.968737022
0.656	0.305088366	0.968607702
0.657	0.30501423	0.968372331
0.658	0.304950995	0.968171571
0.659	0.304934841	0.968120285
0.66	0.304910382	0.96804263
0.661	0.304862624	0.967891007
0.662	0.304789817	0.967659856
0.663	0.304699683	0.967373694
0.664	0.304715019	0.967422385
0.665	0.304727913	0.96746332
0.666	0.304630752	0.967154847
0.667	0.304580711	0.966995977
0.668	0.304541723	0.966872194
0.669	0.304520419	0.966804558
0.67	0.304546109	0.966886122
0.671	0.304492013	0.966714376
0.672	0.304425098	0.966501929
0.673	0.304397115	0.966413086
0.674	0.304365219	0.966311823
0.675	0.304351672	0.966268813
0.676	0.304324716	0.966183233
0.677	0.304249831	0.965945486
0.678	0.30418496	0.965739529
0.679	0.304137194	0.96558788
0.68	0.304103822	0.965481927
0.681	0.304075249	0.965391215
0.682	0.304048074	0.965304939
0.683	0.304025549	0.965233423
0.684	0.30401052	0.965185709
0.685	0.304010248	0.965184846
0.686	0.303920468	0.964899809
0.687	0.303820153	0.964581326
0.688	0.303852332	0.964683486
0.689	0.303869231	0.964737138
0.69	0.303826034	0.964599995
0.691	0.303741044	0.964330165
0.692	0.30370193	0.964205985
0.693	0.303693712	0.964179893
0.694	0.303691376	0.964172479
0.695	0.303667997	0.964098253
0.696	0.303607808	0.963907163
0.697	0.303536364	0.963680338
0.698	0.303487533	0.963525309
0.699	0.303490349	0.963534248
0.7	0.303483164	0.963511438
0.701	0.303428845	0.963338984
0.702	0.303342791	0.963065773
0.703	0.303321375	0.962997781
0.704	0.303338964	0.963053624
0.705	0.303351755	0.963094234
0.706	0.30331444	0.962975765
0.707	0.303203017	0.962622013
0.708	0.303160087	0.962485718
0.709	0.303190621	0.962582659
0.71	0.303180071	0.962549164
0.711	0.30310295	0.962304317
0.712	0.303051074	0.962139617
0.713	0.303064293	0.962181586
0.714	0.303028338	0.962067435
0.715	0.303005488	0.96199489
0.716	0.303001885	0.961983453
0.717	0.302994592	0.961960298
0.718	0.302909573	0.961690376
0.719	0.302864209	0.961546353
0.72	0.302885752	0.961614747
0.721	0.302901686	0.961665337
0.722	0.302844898	0.961485041
0.723	0.302789983	0.961310694
0.724	0.302784576	0.961293531
0.725	0.302739174	0.961149386
0.726	0.302724066	0.961101419
0.727	0.302726252	0.96110836
0.728	0.302705522	0.961042544
0.729	0.30267701	0.960952025
0.73	0.30264835	0.960861033
0.731	0.302623203	0.960781195
0.732	0.30260061	0.960709467
0.733	0.302565229	0.960597137
0.734	0.302538038	0.960510812
0.735	0.302522917	0.960462803
0.736	0.302458481	0.960258228
0.737	0.302404596	0.960087151
0.738	0.302376515	0.959997999
0.739	0.302368993	0.959974117
0.74	0.3023886	0.960036368
0.741	0.302372136	0.959984098
0.742	0.30230472	0.959770061
0.743	0.302229685	0.959531836
0.744	0.302199258	0.959435235
0.745	0.302190473	0.959407346
0.746	0.302169876	0.959341954
0.747	0.302124391	0.959197544
0.748	0.302050928	0.958964312
0.749	0.301998016	0.958796324
0.75	0.302013	0.958843898
0.751	0.302006085	0.958821942
0.752	0.301958475	0.958670789
0.753	0.301882701	0.958430218
0.754	0.301818681	0.958226964
0.755	0.30181228	0.958206644
0.756	0.3018038	0.958179719
0.757	0.301746811	0.957998787
0.758	0.301668185	0.957749163
0.759	0.301637062	0.957650352
0.76	0.301625348	0.957613163
0.761	0.30158029	0.957470109
0.762	0.30154667	0.957363373
0.763	0.30152316	0.957288731
0.764	0.301493311	0.957193965
0.765	0.301431979	0.956999246
0.766	0.301352961	0.956748377
0.767	0.301311688	0.956617342
0.768	0.301322137	0.956650515
0.769	0.301308652	0.956607703
0.77	0.301284003	0.956529446
0.771	0.301235759	0.956376279
0.772	0.301157542	0.956127953
0.773	0.301085095	0.955897945
0.774	0.301044685	0.955769647
0.775	0.301032929	0.955732326
0.776	0.301023235	0.955701549
0.777	0.300996947	0.955618089
0.778	0.300953902	0.955481427
0.779	0.30090139	0.95531471
0.78	0.30085166	0.955156824
0.781	0.300833883	0.955100386
0.782	0.300829548	0.955086621
0.783	0.300808409	0.955019511
0.784	0.30074628	0.954822259
0.785	0.3007094	0.954705172
0.786	0.300680466	0.954613309
0.787	0.30060992	0.954389338
0.788	0.300552789	0.954207956
0.789	0.300542312	0.954174692
0.79	0.300555044	0.954215116
0.791	0.300513674	0.954083772
0.792	0.300485004	0.95399275
0.793	0.300491251	0.954012582
0.794	0.300512733	0.954080786
0.795	0.300452425	0.953889317
0.796	0.300431916	0.953824202
0.797	0.300426936	0.953808393
0.798	0.300391855	0.953697016
0.799	0.300436746	0.953839537
0.8	0.300458932	0.953909974
0.801	0.300424886	0.953801883
0.802	0.300367998	0.953621273
0.803	0.300375452	0.953644939
0.804	0.300413625	0.953766133
0.805	0.300445666	0.953867858
0.806	0.300455959	0.953900535
0.807	0.30044372	0.953861678
0.808	0.300444398	0.953863831
0.809	0.300471461	0.953949752
0.81	0.300451603	0.953886706
0.811	0.3004547	0.953896539
0.812	0.300482683	0.953985381
0.813	0.300509015	0.954068981
0.814	0.300519344	0.954101772
0.815	0.300559326	0.954228711
0.816	0.300630383	0.954454306
0.817	0.300693569	0.954654911
0.818	0.300719739	0.954737997
0.819	0.300745156	0.95481869
0.82	0.300796702	0.954982341
0.821	0.300871435	0.955219608
0.822	0.300921937	0.955379944
0.823	0.30092569	0.955391858
0.824	0.300912452	0.955349829
0.825	0.301032653	0.955731448
0.826	0.301162237	0.956142857
0.827	0.301239243	0.956387338
0.828	0.301252402	0.956429118
0.829	0.301290336	0.956549551
0.83	0.301373481	0.956813523
0.831	0.301462599	0.95709646
0.832	0.301486838	0.957173414
0.833	0.301491843	0.957189306
0.834	0.301550751	0.957376328
0.835	0.301667871	0.957748168
0.836	0.301756749	0.95803034
0.837	0.301811068	0.958202794
0.838	0.301877537	0.958413822
0.839	0.301988839	0.958767189
0.84	0.302123268	0.959193979
0.841	0.302173311	0.959352857
0.842	0.302188601	0.959401404
0.843	0.30224806	0.959590174
0.844	0.302304187	0.959768369
0.845	0.302399716	0.960071661
0.846	0.302526629	0.960474588
0.847	0.302644584	0.960849077
0.848	0.302715548	0.961074377
0.849	0.302794663	0.961325553
0.85	0.302893568	0.961639563
0.851	0.302975971	0.961901177
0.852	0.303028114	0.962066724
0.853	0.303147858	0.962446894
0.854	0.303326002	0.963012473
0.855	0.303377937	0.963177358
0.856	0.303405442	0.963264682
0.857	0.303458354	0.96343267
0.858	0.303555506	0.963741113
0.859	0.303672746	0.964113331
0.86	0.303770784	0.964424586
0.861	0.303842112	0.96465104
0.862	0.303905969	0.964853775
0.863	0.304023576	0.965227159
0.864	0.304158336	0.965655002
0.865	0.304244993	0.965930124
0.866	0.304242265	0.965921464
0.867	0.304313357	0.966147169
0.868	0.304400436	0.966423631
0.869	0.304475632	0.966662366
0.87	0.304552048	0.966904977
0.871	0.304665613	0.967265527
0.872	0.304757516	0.967557306
0.873	0.304801171	0.967695902
0.874	0.304825717	0.967773833
0.875	0.304850482	0.967852456
0.876	0.304914553	0.968055873
0.877	0.305025654	0.9684086
0.878	0.305135887	0.968758572
0.879	0.3051881	0.968924342
0.88	0.30523331	0.969067877
0.881	0.305312216	0.969318391
0.882	0.305352405	0.969445985
0.883	0.305417781	0.969653542
0.884	0.305521259	0.96998207
0.885	0.305631933	0.970333442
0.886	0.305629433	0.970325505
0.887	0.305666559	0.970443373
0.888	0.30573926	0.970674187
0.889	0.305778095	0.970797481
0.89	0.305824537	0.97094493
0.891	0.305894082	0.971165722
0.892	0.305974715	0.97142172
0.893	0.306032971	0.971606674
0.894	0.306019176	0.971562878
0.895	0.306038542	0.97162436
0.896	0.306108649	0.971846939
0.897	0.306158595	0.972005511
0.898	0.306223884	0.972212792
0.899	0.306276985	0.972381381
0.9	0.306314288	0.972499813
0.901	0.306369349	0.972674621
0.902	0.306466323	0.972982499
0.903	0.306553605	0.973259604
0.904	0.30661221	0.973445668
0.905	0.306693301	0.973703119
0.906	0.306753625	0.973894636
0.907	0.306812445	0.974081381
0.908	0.306885915	0.974314637
0.909	0.306958507	0.974545107
0.91	0.306965307	0.974566695
0.911	0.306973779	0.974593592
0.912	0.307028667	0.974767852
0.913	0.307020773	0.974742789
0.914	0.307065264	0.974884042
0.915	0.307134265	0.975103109
0.916	0.307169352	0.975214504
0.917	0.307158401	0.975179738
0.918	0.3072447	0.975453724
0.919	0.307354541	0.975802451
0.92	0.307377471	0.97587525
0.921	0.307398875	0.975943204
0.922	0.307459176	0.97613465
0.923	0.307481424	0.976205284
0.924	0.307395397	0.975932164
0.925	0.307388183	0.975909259
0.926	0.307412907	0.975987754
0.927	0.30745188	0.976111487
0.928	0.307503623	0.976275763
0.929	0.307560587	0.976456615
0.93	0.30761559	0.976631241
0.931	0.307662721	0.976780874
0.932	0.307703251	0.97690955
0.933	0.307775877	0.977140126
0.934	0.307791227	0.977188861
0.935	0.307752721	0.977066611
0.936	0.307734898	0.977010026
0.937	0.307798657	0.977212451
0.938	0.307853386	0.977386207
0.939	0.30790273	0.977542864
0.94	0.307996258	0.977839801
0.941	0.307956078	0.977712237
0.942	0.307934523	0.977643802
0.943	0.30797565	0.977774375
0.944	0.308020443	0.977916585
0.945	0.308088516	0.978132707
0.946	0.308104154	0.978182355
0.947	0.308079656	0.978104579
0.948	0.308098291	0.978163742
0.949	0.308176941	0.978413441
0.95	0.308195133	0.9784712
0.951	0.308122413	0.978240325
0.952	0.308032855	0.977955991
0.953	0.308075017	0.978089849
0.954	0.30809949	0.978167549
0.955	0.30808545	0.978122973
0.956	0.308121464	0.978237312
0.957	0.308086096	0.978125024
0.958	0.308085811	0.978124119
0.959	0.308123733	0.978244515
0.96	0.30810702	0.978191453
0.961	0.308001372	0.977856037
0.962	0.30796717	0.977747454
0.963	0.308016025	0.977902559
0.964	0.308031548	0.977951843
0.965	0.307974882	0.977771937
0.966	0.307930375	0.977630635
0.967	0.307923216	0.977607904
0.968	0.307916799	0.977587531
0.969	0.307846128	0.977363162
0.97	0.307800623	0.977218692
0.971	0.30778852	0.977180266
0.972	0.307766931	0.977111725
0.973	0.307786592	0.977174146
0.974	0.307744433	0.977040296
0.975	0.307714573	0.976945497
0.976	0.307803959	0.977229282
0.977	0.307732842	0.977003498
0.978	0.307609936	0.976613291
0.979	0.307573704	0.976498258
0.98	0.307690353	0.976868603
0.981	0.307729834	0.976993949
0.982	0.307750471	0.977059466
0.983	0.307760055	0.977089895
0.984	0.307742703	0.977034805
0.985	0.307677159	0.976826714
0.986	0.307688227	0.976861851
0.987	0.307766038	0.97710889
0.988	0.307837313	0.977335178
0.989	0.307823329	0.97729078
0.99	0.307842461	0.977351521
0.991	0.307854718	0.977390435
0.992	0.307843629	0.97735523
0.993	0.307972599	0.97776469
0.994	0.307881527	0.977475549
0.995	0.307924902	0.97761326
0.996	0.308257531	0.978669303
0.997	0.308323188	0.978877753
0.998	0.308366102	0.979013999
0.999	0.308424755	0.979200214
1	0.308450526	0.979282032
1.001	0.308473631	0.979355387
1.002	0.308417139	0.979176034
1.003	0.308336222	0.978919135
1.004	0.308299012	0.978800999
1.005	0.308296093	0.978791731
1.006	0.308330142	0.978899833
1.007	0.308370397	0.979027635
1.008	0.30837698	0.979048534
1.009	0.308379632	0.979056955
1.01	0.308383911	0.979070539
1.011	0.308349136	0.978960135
1.012	0.308348125	0.978956925
1.013	0.308366725	0.979015978
1.014	0.308388758	0.979085927
1.015	0.308420628	0.979187111
1.016	0.308395617	0.979107704
1.017	0.308290231	0.978773121
1.018	0.308219973	0.978550062
1.019	0.308237339	0.978605197
1.02	0.308239607	0.978612396
1.021	0.308310866	0.978838634
1.022	0.308400173	0.97912217
1.023	0.308411672	0.979158677
1.024	0.308335122	0.978915642
1.025	0.308304546	0.978818568
1.026	0.308237475	0.978605629
1.027	0.308238126	0.978607695
1.028	0.308281293	0.978744743
1.029	0.308310906	0.978838759
1.03	0.308397696	0.979114305
1.031	0.308432745	0.979225579
1.032	0.308394181	0.979103144
1.033	0.308332189	0.978906332
1.034	0.308272693	0.978717441
1.035	0.308225371	0.978567199
1.036	0.308193297	0.978465371
1.037	0.308178583	0.978418657
1.038	0.308157587	0.978351997
1.039	0.308131057	0.978267768
1.04	0.308107274	0.978192259
1.041	0.308091053	0.978140761
1.042	0.308075037	0.978089913
1.043	0.308056018	0.978029532
1.044	0.308037039	0.977969276
1.045	0.308026979	0.977937337
1.046	0.308007709	0.977876157
1.047	0.307956393	0.977713236
1.048	0.307905554	0.97755183
1.049	0.307857933	0.977400642
1.05	0.307809917	0.977248198
1.051	0.307790132	0.977185383
1.052	0.307812847	0.977257501
1.053	0.307815483	0.977265869
1.054	0.307816572	0.977269328
1.055	0.307823616	0.977291692
1.056	0.307832887	0.977321126
1.057	0.307834585	0.977326515
1.058	0.307826421	0.977300597
1.059	0.307846527	0.97736443
1.06	0.307895528	0.977520001
1.061	0.307913533	0.977577165
1.062	0.307892737	0.977511141
1.063	0.307890993	0.977505604
1.064	0.307837439	0.977335576
1.065	0.307720848	0.97696542
1.066	0.307679054	0.976832728
1.067	0.30769197	0.976873735
1.068	0.307667035	0.97679457
1.069	0.307704754	0.976914322
1.07	0.307731853	0.977000356
1.071	0.307777811	0.977146268
1.072	0.307757761	0.977082613
1.073	0.307738392	0.977021119
1.074	0.307704693	0.976914129
1.075	0.307562404	0.976462383
1.076	0.307531575	0.976364507
1.077	0.307561828	0.976460555
1.078	0.307599839	0.976581234
1.079	0.307594779	0.976565168
1.08	0.30762114	0.976648863
1.081	0.30761644	0.97663394
1.082	0.307514877	0.976311494
1.083	0.307467341	0.976160575
1.084	0.307521648	0.976332991
1.085	0.307500327	0.976265298
1.086	0.307436469	0.976062559
1.087	0.307407814	0.975971586
1.088	0.307380999	0.975886452
1.089	0.307354931	0.975803689
1.09	0.307361425	0.975824308
1.091	0.307350994	0.975791191
1.092	0.307353985	0.975800687
1.093	0.307269691	0.975533067
1.094	0.307214513	0.975357884
1.095	0.307230195	0.975407672
1.096	0.307200583	0.97531366
1.097	0.307149284	0.975150792
1.098	0.30714596	0.975140241
1.099	0.307086765	0.974952303
1.1	0.306961107	0.974553361
1.101	0.306939116	0.974483541
1.102	0.306917368	0.974414496
1.103	0.306879222	0.974293389
1.104	0.306836838	0.974158824
1.105	0.306857585	0.974224693
1.106	0.306823578	0.974116727
1.107	0.30671927	0.973785565
1.108	0.306683251	0.97367121
1.109	0.306711481	0.973760836
1.11	0.30665476	0.973580755
1.111	0.3065703	0.973312609
1.112	0.306524094	0.973165914
1.113	0.306432365	0.972874688
1.114	0.306363944	0.972657461
1.115	0.306365802	0.972663361
1.116	0.306310668	0.972488318
1.117	0.306219723	0.972199583
1.118	0.306134889	0.971930248
1.119	0.306064197	0.971705811
1.12	0.305988524	0.971465562
1.121	0.305921917	0.971254095
1.122	0.3058731	0.971099107
1.123	0.305813348	0.970909406
1.124	0.305749966	0.970708177
1.125	0.305672382	0.970461861
1.126	0.305586189	0.970188211
1.127	0.305519272	0.969975761
1.128	0.305426888	0.969682457
1.129	0.305329475	0.969373186
1.13	0.30526601	0.969171692
1.131	0.305212219	0.969000914
1.132	0.305149678	0.968802357
1.133	0.305050491	0.968487454
1.134	0.304951186	0.968172177
1.135	0.304889416	0.967976065
1.136	0.304822336	0.967763099
1.137	0.304771353	0.967601235
1.138	0.304719808	0.967437588
1.139	0.304677045	0.967301823
1.14	0.304613645	0.967100537
1.141	0.30454143	0.966871267
1.142	0.304481124	0.966679802
1.143	0.304418844	0.966482074
1.144	0.304342974	0.9662412
1.145	0.304287281	0.966064382
1.146	0.304273477	0.966020555
1.147	0.304238331	0.965908975
1.148	0.304142574	0.96560496
1.149	0.304067374	0.965366213
1.15	0.3040299	0.965247237
1.151	0.30397891	0.965085354
1.152	0.303943399	0.964972611
1.153	0.303937517	0.964953938
1.154	0.303895565	0.964820746
1.155	0.303837879	0.9646376
1.156	0.303785778	0.96447219
1.157	0.303703883	0.964212184
1.158	0.303582456	0.963826674
1.159	0.303467785	0.963462611
1.16	0.303346962	0.963079016
1.161	0.303208344	0.962638926
1.162	0.303062798	0.96217684
1.163	0.302911386	0.961696133
1.164	0.302707305	0.961048206
1.165	0.302447654	0.960223855
1.166	0.302187061	0.959396514
1.167	0.301942898	0.958621334
1.168	0.301667106	0.957745738
1.169	0.301416136	0.956948947
1.17	0.301223831	0.95633841
1.171	0.301020331	0.95569233
1.172	0.300845619	0.955137647
1.173	0.300711459	0.954711708
1.174	0.300598534	0.95435319
1.175	0.300499219	0.954037879
1.176	0.300399268	0.95372055
1.177	0.300338322	0.953527057
1.178	0.300264071	0.953291322
1.179	0.300180311	0.953025397
1.18	0.300110453	0.95280361
1.181	0.300039245	0.952577534
1.182	0.299939576	0.952261102
1.183	0.299841598	0.951950037
1.184	0.299747018	0.951649758
1.185	0.299640169	0.951310531
1.186	0.299524232	0.950942449
1.187	0.299400177	0.950548594
1.188	0.299252551	0.950079903
1.189	0.299078845	0.949528414
1.19	0.298862172	0.948840513
1.191	0.298599062	0.948005179
1.192	0.298315039	0.94710345
1.193	0.297932889	0.945890186
1.194	0.297498342	0.944510565
1.195	0.296979591	0.942863612
1.196	0.296344072	0.940845938
1.197	0.295719172	0.938861979
1.198	0.295010586	0.93661233
1.199	0.294333612	0.934463044
1.2	0.293695439	0.932436946
1.201	0.293108588	0.930573787
1.202	0.292682034	0.929219543
1.203	0.292390634	0.928294394
1.204	0.292283459	0.927954129
1.205	0.292296581	0.927995792
1.206	0.292454906	0.928498446
1.207	0.292741779	0.929409225
1.208	0.293082172	0.930489918
1.209	0.293489612	0.931783478
1.21	0.293887091	0.933045409
1.211	0.294334874	0.934467052
1.212	0.294723487	0.935700836
1.213	0.295133189	0.937001576
1.214	0.295458498	0.938034381
1.215	0.295780233	0.93905584
1.216	0.295972239	0.939665428
1.217	0.296070737	0.939978143
1.218	0.296115258	0.94011949
1.219	0.296083363	0.94001823
1.22	0.296001512	0.939758365
1.221	0.295881146	0.939376223
1.222	0.295746608	0.938949084
1.223	0.295626527	0.938567847
1.224	0.295499402	0.938164246
1.225	0.295416336	0.937900524
1.226	0.295397369	0.937840305
1.227	0.295397253	0.937839938
1.228	0.295441869	0.937981588
1.229	0.295610552	0.938517128
1.23	0.295866685	0.939330311
1.231	0.296160058	0.940261723
1.232	0.29653264	0.941444615
1.233	0.296953079	0.94277944
1.234	0.297474747	0.944435654
1.235	0.297918549	0.945844656
1.236	0.298390899	0.947344293
1.237	0.298852061	0.948808411
1.238	0.299235268	0.950025032
1.239	0.299559067	0.951053046
1.24	0.299811797	0.951855423
1.241	0.300016757	0.952506139
1.242	0.30016252	0.952968914
1.243	0.300245372	0.953231955
1.244	0.300306513	0.953426069
1.245	0.300365353	0.953612875
1.246	0.300409228	0.953752171
1.247	0.300420853	0.953789079
1.248	0.300437511	0.953841967
1.249	0.300457342	0.953904926
1.25	0.30044593	0.953868695
1.251	0.300413759	0.953766557
1.252	0.300391976	0.953697399
1.253	0.300377033	0.953649957
1.254	0.300359874	0.95359548
1.255	0.300332334	0.953508046
1.256	0.300325713	0.953487026
1.257	0.300336993	0.953522837
1.258	0.300337915	0.953525766
1.259	0.300319121	0.953466096
1.26	0.300300927	0.953408334
1.261	0.300290815	0.953376228
1.262	0.300282211	0.953348914
1.263	0.300276195	0.953329813
1.264	0.300288937	0.953370267
1.265	0.300321726	0.953474366
1.266	0.300343648	0.953543967
1.267	0.300359037	0.953592823
1.268	0.300378544	0.953654756
1.269	0.300380378	0.953660577
1.27	0.300375034	0.95364361
1.271	0.30039241	0.953698776
1.272	0.30041175	0.953760179
1.273	0.300398684	0.953718695
1.274	0.300363864	0.953608148
1.275	0.300334944	0.953516331
1.276	0.300301733	0.953410893
1.277	0.300270935	0.953313115
1.278	0.300244009	0.953227629
1.279	0.300199198	0.953085358
1.28	0.300151243	0.952933111
1.281	0.300122037	0.952840386
1.282	0.300094318	0.952752384
1.283	0.300060912	0.952646325
1.284	0.300028967	0.952544902
1.285	0.299971523	0.952362528
1.286	0.29989884	0.952131771
1.287	0.299829576	0.951911868
1.288	0.299761351	0.951695265
1.289	0.299700295	0.95150142
1.29	0.299617809	0.951239541
1.291	0.299524781	0.95094419
1.292	0.299434906	0.950658854
1.293	0.299316442	0.950282748
1.294	0.299196675	0.949902506
1.295	0.299102257	0.949602746
1.296	0.29900488	0.949293588
1.297	0.298900924	0.948963543
1.298	0.29880561	0.948660936
1.299	0.298721175	0.948392869
1.3	0.29861887	0.948068066
1.301	0.298512883	0.947731575
1.302	0.298401639	0.947378394
1.303	0.298298265	0.947050195
1.304	0.298199862	0.946737783
1.305	0.298106141	0.946440233
1.306	0.29803509	0.946214656
1.307	0.297970726	0.946010312
1.308	0.297873772	0.945702498
1.309	0.297764555	0.945355751
1.31	0.297667185	0.945046616
1.311	0.297558124	0.944700365
1.312	0.297454519	0.944371436
1.313	0.297349789	0.944038934
1.314	0.297234961	0.943674372
1.315	0.297132504	0.943349088
1.316	0.297002701	0.942936982
1.317	0.296868345	0.942510423
1.318	0.296773769	0.942210159
1.319	0.296659875	0.941848564
1.32	0.296503499	0.941352094
1.321	0.296368748	0.940924282
1.322	0.296253099	0.940557116
1.323	0.296118748	0.940130572
1.324	0.295971546	0.939663229
1.325	0.295837904	0.939238936
1.326	0.295700408	0.938802408
1.327	0.295562872	0.938365751
1.328	0.29544426	0.937989177
1.329	0.295332299	0.937633721
1.33	0.295226716	0.937298509
1.331	0.295129143	0.936988731
1.332	0.295025159	0.936658598
1.333	0.294926772	0.936346235
1.334	0.294850541	0.936104214
1.335	0.294748497	0.935780239
1.336	0.294613795	0.935352583
1.337	0.294489257	0.934957194
1.338	0.294392242	0.934649187
1.339	0.294302387	0.934363911
1.34	0.294199969	0.934038748
1.341	0.294085119	0.933674118
1.342	0.293943424	0.93322426
1.343	0.293778906	0.93270194
1.344	0.29362656	0.932218265
1.345	0.293461609	0.931694571
1.346	0.293240234	0.93099174
1.347	0.293012805	0.930269689
1.348	0.292778823	0.929526835
1.349	0.292516686	0.928694589
1.35	0.292236083	0.927803718
1.351	0.291995459	0.927039774
1.352	0.291757394	0.926283957
1.353	0.291489965	0.925434911
1.354	0.291263685	0.924716509
1.355	0.291093403	0.92417589
1.356	0.290946687	0.92371009
1.357	0.290823908	0.923320284
1.358	0.290731664	0.923027424
1.359	0.290675502	0.922849119
1.36	0.290620584	0.922674765
1.361	0.290566407	0.922502761
1.362	0.29051865	0.922351138
1.363	0.290455726	0.922151366
1.364	0.290352758	0.921824458
1.365	0.29020592	0.921358269
1.366	0.290053712	0.920875034
1.367	0.289859782	0.920259338
1.368	0.289590421	0.919404156
1.369	0.289296421	0.918470753
1.37	0.288960905	0.917405543
1.371	0.28857605	0.916183688
1.372	0.288148992	0.914827846
1.373	0.287663107	0.913285237
1.374	0.287137685	0.911617105
1.375	0.286554425	0.909765345
1.376	0.285937185	0.907805707
1.377	0.285268108	0.90568149
1.378	0.284593155	0.903538623
1.379	0.283925076	0.901417574
1.38	0.283274074	0.899350745
1.381	0.282694638	0.897511127
1.382	0.282184173	0.895890481
1.383	0.281762623	0.894552125
1.384	0.281470289	0.893624013
1.385	0.281240933	0.892895842
1.386	0.281120464	0.892513371
1.387	0.281077129	0.89237579
1.388	0.281062272	0.892328621
1.389	0.281079106	0.892382068
1.39	0.281086248	0.892404743
1.391	0.281068053	0.892346977
1.392	0.281000402	0.892132194
1.393	0.280911561	0.891850139
1.394	0.280788447	0.891459269
1.395	0.280611646	0.890897956
1.396	0.280403674	0.890237676
1.397	0.280151323	0.889436502
1.398	0.27986652	0.888532297
1.399	0.279530747	0.88746627
1.4	0.279118565	0.886157658
1.401	0.278659291	0.884699535
1.402	0.278153101	0.883092461
1.403	0.277605454	0.881353766
1.404	0.277021008	0.879498241
1.405	0.276448764	0.877681457
1.406	0.275838398	0.875743641
1.407	0.275267185	0.87393013
1.408	0.274705995	0.872148441
1.409	0.274195447	0.87052753
1.41	0.273681222	0.868894947
1.411	0.273217082	0.867421375
1.412	0.272773489	0.866013035
1.413	0.272311317	0.864545712
1.414	0.271851296	0.86308522
1.415	0.271336957	0.861452273
1.416	0.270775204	0.859668794
1.417	0.270155121	0.857700129
1.418	0.269447536	0.855453659
1.419	0.268675996	0.853004139
1.42	0.26775527	0.850080978
1.421	0.26670553	0.846748217
1.422	0.265478393	0.84285225
1.423	0.26400468	0.838173443
1.424	0.262305249	0.832778016
1.425	0.260313718	0.826455219
1.426	0.258145545	0.819571607
1.427	0.25578598	0.812080361
1.428	0.253387263	0.804464809
1.429	0.251031093	0.79698434
1.43	0.248734752	0.789693817
1.431	0.246652284	0.783082309
1.432	0.24464923	0.776722925
1.433	0.242806316	0.770871963
1.434	0.241041762	0.765269782
1.435	0.239307762	0.759764604
1.436	0.237561828	0.754221538
1.437	0.235679732	0.748246177
1.438	0.233694267	0.741942636
1.439	0.231614979	0.735341223
1.44	0.229382671	0.728253996
1.441	0.226933786	0.720479169
1.442	0.224564773	0.712957925
1.443	0.221986552	0.70477248
1.444	0.219684961	0.697465288
1.445	0.217449197	0.690367089
1.446	0.215460457	0.684053151
1.447	0.213734219	0.678572616
1.448	0.212376961	0.674263535
1.449	0.211421334	0.671229567
1.45	0.21091369	0.66961788
1.451	0.210842538	0.669391982
1.452	0.211231903	0.670628156
1.453	0.211973468	0.672982508
1.454	0.21310797	0.676584375
1.455	0.214405532	0.680703929
1.456	0.215802974	0.685140587
1.457	0.217266353	0.689786588
1.458	0.218512071	0.693741548
1.459	0.219798225	0.697824884
1.46	0.22096285	0.701522385
1.461	0.22227443	0.705686445
1.462	0.223840349	0.710657992
1.463	0.225572214	0.716156393
1.464	0.227837212	0.723347406
1.465	0.230303854	0.731178609
1.466	0.233028342	0.73982843
1.467	0.235811617	0.748664892
1.468	0.238425639	0.756964
1.469	0.2407574	0.764366977
1.47	0.242547063	0.770048876
1.471	0.243878971	0.774277474
1.472	0.244621247	0.776634084
1.473	0.244872739	0.777432531
1.474	0.24463317	0.776671939
1.475	0.244047217	0.77481163
1.476	0.243219196	0.772182793
1.477	0.242312344	0.769303679
1.478	0.241465524	0.766615158
1.479	0.240832394	0.764605072
1.48	0.240340793	0.763044315
1.481	0.240097548	0.762272049
1.482	0.240133303	0.762385566
1.483	0.240216845	0.7626508
1.484	0.240517709	0.763605996
1.485	0.240689203	0.764150462
1.486	0.240846397	0.764649529
1.487	0.240987605	0.765097842
1.488	0.241106652	0.765475797
1.489	0.241236493	0.765888021
1.49	0.241491056	0.766696219
1.491	0.242034471	0.768421476
1.492	0.242711552	0.770571103
1.493	0.243664203	0.773595619
1.494	0.244718849	0.776943956
1.495	0.245809414	0.780406329
1.496	0.246854148	0.783723194
1.497	0.247706116	0.786428059
1.498	0.248365328	0.788520953
1.499	0.248702024	0.789589912
1.5	0.248686348	0.789540143
1.501	0.248352789	0.788481144
1.502	0.247640181	0.786218725
1.503	0.2465049	0.782614387
1.504	0.245111931	0.778191929
1.505	0.243400444	0.772758228
1.506	0.241651163	0.767204532
1.507	0.239941668	0.761777155
1.508	0.238470429	0.757106201
1.509	0.23746895	0.753926662
1.51	0.236953256	0.752289416
1.511	0.237222441	0.753144035
1.512	0.237997278	0.755604022
1.513	0.23937457	0.759976707
1.514	0.241076808	0.765381046
1.515	0.242911919	0.771207235
1.516	0.244761445	0.777079191
1.517	0.246332734	0.782067786
1.518	0.247696098	0.786396254
1.519	0.248602715	0.789274619
1.52	0.249242283	0.791305149
1.521	0.249593997	0.792421785
1.522	0.249836334	0.793191167
1.523	0.250079653	0.793963668
1.524	0.250453236	0.795149735
1.525	0.251187626	0.797481306
1.526	0.252239306	0.800820226
1.527	0.253832734	0.805879109
1.528	0.255761685	0.812003228
1.529	0.258061889	0.819306015
1.53	0.260571845	0.827274729
1.531	0.263115919	0.835351765
1.532	0.265658647	0.843424528
1.533	0.26797978	0.850793764
1.534	0.270010723	0.857241687
1.535	0.271817743	0.862978691
1.536	0.273313344	0.86772699
1.537	0.274454446	0.871349811
1.538	0.275445602	0.874496576
1.539	0.276136656	0.876690563
1.54	0.27679545	0.878782133
1.541	0.277236722	0.880183099
1.542	0.277745007	0.881796827
1.543	0.278170847	0.8831488
1.544	0.278669356	0.884731489
1.545	0.279197007	0.8864067
1.546	0.279705089	0.88801978
1.547	0.2802288	0.889682478
1.548	0.280752304	0.891344521
1.549	0.281206243	0.892785707
1.55	0.281596187	0.894023719
1.551	0.281937636	0.895107766
1.552	0.282161161	0.895817421
1.553	0.282310904	0.896292834
1.554	0.282391527	0.896548797
1.555	0.282398069	0.896569568
1.556	0.282355192	0.896433439
1.557	0.282306433	0.896278637
1.558	0.282250266	0.896100317
1.559	0.282196765	0.895930459
1.56	0.282204202	0.895954072
1.561	0.282293565	0.896237785
1.562	0.282451829	0.896740247
1.563	0.282694054	0.897509273
1.564	0.283061357	0.898675402
1.565	0.28352143	0.900136064
1.566	0.284075223	0.901894269
1.567	0.284711081	0.903913017
1.568	0.285429051	0.90619246
1.569	0.286175553	0.908562486
1.57	0.286908344	0.910888984
1.571	0.287638818	0.913208124
1.572	0.288325037	0.915386761
1.573	0.288962253	0.917409823
1.574	0.289539295	0.919241842
1.575	0.290075245	0.920943397
1.576	0.290575265	0.922530881
1.577	0.291022459	0.923950654
1.578	0.291425694	0.925230862
1.579	0.291819903	0.926482412
1.58	0.29219021	0.927658078
1.581	0.292524105	0.928718145
1.582	0.292865466	0.929801911
1.583	0.293184748	0.930815581
1.584	0.293462309	0.931696793
1.585	0.293722795	0.932523797
1.586	0.293963938	0.933289387
1.587	0.29418385	0.933987575
1.588	0.294400766	0.934676248
1.589	0.29461475	0.935355614
1.59	0.294811746	0.935981045
1.591	0.294999409	0.936576845
1.592	0.295187263	0.937173254
1.593	0.295379416	0.937783307
1.594	0.295566396	0.938376939
1.595	0.295742947	0.938937462
1.596	0.295911528	0.93947268
1.597	0.296073834	0.939987975
1.598	0.296242363	0.940523031
1.599	0.296389672	0.940990711
1.6	0.296531628	0.941441402
1.601	0.296684268	0.941926007
1.602	0.296795866	0.942280316
1.603	0.296900573	0.942612742
1.604	0.297025946	0.943010784
1.605	0.297122759	0.943318148
1.606	0.29720186	0.943569282
1.607	0.297310333	0.943913668
1.608	0.297434103	0.944306619
1.609	0.297558248	0.944700758
1.61	0.297679502	0.94508572
1.611	0.297792346	0.945443984
1.612	0.297902739	0.945794463
1.613	0.297985389	0.946056864
1.614	0.298074994	0.946341346
1.615	0.298191558	0.946711418
1.616	0.298277254	0.94698349
1.617	0.298343271	0.947193083
1.618	0.298399525	0.947371679
1.619	0.298428782	0.947464568
1.62	0.29844898	0.947528692
1.621	0.29846894	0.947592063
1.622	0.298495625	0.947676784
1.623	0.298522975	0.947763616
1.624	0.298523973	0.947766784
1.625	0.298532567	0.947794068
1.626	0.298549894	0.947849079
1.627	0.29853012	0.947786298
1.628	0.298517371	0.947745824
1.629	0.298512228	0.947729493
1.63	0.298482043	0.947633661
1.631	0.298445749	0.947518435
1.632	0.29841385	0.94741716
1.633	0.298375877	0.947296602
1.634	0.298318219	0.947113547
1.635	0.298268673	0.946956247
1.636	0.298227295	0.946824876
1.637	0.298163663	0.946622856
1.638	0.298109626	0.946451295
1.639	0.298072066	0.94633205
1.64	0.298003501	0.946114365
1.641	0.297907984	0.945811116
1.642	0.297800301	0.945469239
1.643	0.2976992	0.945148258
1.644	0.297610327	0.944866101
1.645	0.297508909	0.944544113
1.646	0.297409673	0.944229055
1.647	0.297323675	0.943956026
1.648	0.297231921	0.943664721
1.649	0.297153779	0.943416633
1.65	0.297107922	0.943271043
1.651	0.297080334	0.943183457
1.652	0.297109252	0.943275267
1.653	0.29719243	0.943539345
1.654	0.297262363	0.943761371
1.655	0.297335719	0.943994263
1.656	0.297436066	0.944312848
1.657	0.29754779	0.944667555
1.658	0.29770905	0.945179531
1.659	0.297897948	0.945779252
1.66	0.298056549	0.946282785
1.661	0.298221142	0.946805343
1.662	0.298399839	0.947372679
1.663	0.298569417	0.947911061
1.664	0.298729832	0.948420354
1.665	0.298875693	0.948883439
1.666	0.299059629	0.949467409
1.667	0.29926403	0.95011635
1.668	0.299418515	0.950606814
1.669	0.299545934	0.95101135
1.67	0.299661677	0.951378815
1.671	0.299771408	0.951727193
1.672	0.299882944	0.952081302
1.673	0.300002944	0.952462286
1.674	0.300101581	0.95277544
1.675	0.30017511	0.953008885
1.676	0.300278513	0.953337174
1.677	0.300387399	0.953682869
1.678	0.300464966	0.953929133
1.679	0.300513841	0.954084302
1.68	0.300582327	0.954301733
1.681	0.300677701	0.954604533
1.682	0.300721041	0.954742129
1.683	0.300728551	0.954765973
1.684	0.300726163	0.954758392
1.685	0.300700754	0.954677721
1.686	0.300700086	0.954675602
1.687	0.300724497	0.954753101
1.688	0.300711982	0.954713369
1.689	0.300677844	0.954604987
1.69	0.300641612	0.954489954
1.691	0.300609936	0.954389387
1.692	0.300600016	0.954357895
1.693	0.300558954	0.95422753
1.694	0.300528568	0.954131058
1.695	0.300547409	0.954190875
1.696	0.300548266	0.954193597
1.697	0.300567255	0.954253883
1.698	0.300607909	0.954382953
1.699	0.300609055	0.95438659
1.7	0.300600829	0.954360476
1.701	0.30058081	0.954296919
1.702	0.300541544	0.954172255
1.703	0.300485934	0.953995702
1.704	0.300422611	0.953794662
1.705	0.300347415	0.953555926
1.706	0.30024078	0.953217377
1.707	0.300141591	0.952902466
1.708	0.300042742	0.952588638
1.709	0.29993029	0.952231619
1.71	0.299811993	0.951856044
1.711	0.299689202	0.951466204
1.712	0.299558556	0.951051422
1.713	0.299416414	0.950600145
1.714	0.299275576	0.950153005
1.715	0.299109651	0.949626219
1.716	0.298902569	0.948968766
1.717	0.298730195	0.948421504
1.718	0.298582481	0.947952538
1.719	0.298390473	0.947342942
1.72	0.298188881	0.946702918
1.721	0.297993284	0.946081931
1.722	0.297775215	0.945389594
1.723	0.297535735	0.944629284
1.724	0.297310817	0.943915204
1.725	0.297041657	0.943060662
1.726	0.296724496	0.942053726
1.727	0.296390674	0.940993894
1.728	0.296068438	0.939970846
1.729	0.295712878	0.938841996
1.73	0.295300444	0.937532586
1.731	0.294893658	0.936241103
1.732	0.294480337	0.934928873
1.733	0.294008325	0.93343031
1.734	0.293474714	0.931736177
1.735	0.292891897	0.929885825
1.736	0.292260631	0.927881656
1.737	0.291580207	0.925721417
1.738	0.290846915	0.923393329
1.739	0.290015965	0.920755191
1.74	0.289104489	0.9178614
1.741	0.288170048	0.914894696
1.742	0.287201911	0.911821013
1.743	0.286172234	0.908551949
1.744	0.285115443	0.905196806
1.745	0.284009563	0.901685808
1.746	0.282805277	0.89786239
1.747	0.28158116	0.893976009
1.748	0.280329062	0.890000794
1.749	0.278968066	0.885679846
1.75	0.27763726	0.881454746
1.751	0.276327444	0.877296287
1.752	0.274961448	0.872959462
1.753	0.273521196	0.868386888
1.754	0.272144754	0.864016901
1.755	0.270740337	0.859558099
1.756	0.26938895	0.855267655
1.757	0.268086132	0.851131413
1.758	0.266847962	0.847200418
1.759	0.265595013	0.843222501
1.76	0.264495512	0.839731759
1.761	0.263511369	0.836607259
1.762	0.262597175	0.833704835
1.763	0.261790402	0.831143458
1.764	0.261058787	0.828820695
1.765	0.260407702	0.826753602
1.766	0.259839122	0.824948451
1.767	0.259364661	0.823442111
1.768	0.258961799	0.822163088
1.769	0.25863973	0.821140569
1.77	0.258388393	0.820342613
1.771	0.258213961	0.819788819
1.772	0.258126599	0.819511457
1.773	0.258085493	0.819380953
1.774	0.25822844	0.819834788
1.775	0.258494145	0.820678358
1.776	0.258891687	0.821940494
1.777	0.259446725	0.82370265
1.778	0.260105388	0.825793803
1.779	0.260889443	0.828283055
1.78	0.261762769	0.831055728
1.781	0.262787224	0.834308212
1.782	0.263826118	0.837606535
1.783	0.26491057	0.841049503
1.784	0.266013643	0.844551584
1.785	0.26708197	0.847943356
1.786	0.268150634	0.851336195
1.787	0.269175115	0.854588762
1.788	0.270141673	0.857657434
1.789	0.271124854	0.860778879
1.79	0.272103193	0.863884951
1.791	0.273048358	0.866885702
1.792	0.273997369	0.869898663
1.793	0.274910082	0.872796383
1.794	0.2757976	0.875614113
1.795	0.276621772	0.878230731
1.796	0.277408544	0.880728608
1.797	0.278157976	0.883107937
1.798	0.278856683	0.885326222
1.799	0.279488922	0.887333484
1.8	0.280113455	0.889316277
1.801	0.280601854	0.890866868
1.802	0.280961554	0.892008858
1.803	0.281292775	0.893060432
1.804	0.281527418	0.893805387
1.805	0.281748956	0.894508737
1.806	0.281917182	0.895042828
1.807	0.282079386	0.895557798
1.808	0.282219774	0.896003508
1.809	0.282303625	0.896269724
1.81	0.28238189	0.896518202
1.811	0.282323755	0.896333633
1.812	0.28216367	0.895825388
1.813	0.281976602	0.895231477
1.814	0.281810668	0.89470466
1.815	0.281675017	0.894273991
1.816	0.281533847	0.893825798
1.817	0.281370788	0.893308111
1.818	0.281160794	0.892641415
1.819	0.280865195	0.891702933
1.82	0.280686868	0.891136775
1.821	0.280567514	0.890757842
1.822	0.280460637	0.890418524
1.823	0.280465209	0.890433042
1.824	0.280407215	0.89024892
1.825	0.280297213	0.889899678
1.826	0.280233155	0.889696307
1.827	0.280145006	0.889416447
1.828	0.280146668	0.889421723
1.829	0.280216197	0.889642466
1.83	0.2802907	0.889879003
1.831	0.279977416	0.888884374
1.832	0.280039526	0.889081565
1.833	0.280158241	0.889458465
1.834	0.280317495	0.889964071
1.835	0.280539058	0.890667501
1.836	0.280800999	0.891499122
1.837	0.281035937	0.892245013
1.838	0.281252135	0.892931407
1.839	0.281533176	0.893823667
1.84	0.281869497	0.894891436
1.841	0.282139872	0.895749834
1.842	0.282429078	0.896668015
1.843	0.282770032	0.897750491
1.844	0.283035365	0.898592884
1.845	0.283218229	0.899173447
1.846	0.283452322	0.899916657
1.847	0.283736869	0.900820048
1.848	0.283949499	0.901495115
1.849	0.284192894	0.902267854
1.85	0.284501255	0.903246852
1.851	0.28482321	0.904269011
1.852	0.285131921	0.905249118
1.853	0.285455413	0.906276155
1.854	0.285818902	0.907430177
1.855	0.286161482	0.908517815
1.856	0.2864835	0.90954017
1.857	0.286806837	0.910566716
1.858	0.28719207	0.911789771
1.859	0.28757134	0.912993891
1.86	0.287931951	0.914138776
1.861	0.288303535	0.915318496
1.862	0.288610678	0.916293626
1.863	0.288842907	0.917030917
1.864	0.289046611	0.917677644
1.865	0.28921245	0.918204158
1.866	0.289370363	0.918705507
1.867	0.289520675	0.919182724
1.868	0.289632441	0.919537563
1.869	0.289681163	0.919692248
1.87	0.289658506	0.919620316
1.871	0.289500513	0.919118714
1.872	0.28925218	0.918330295
1.873	0.288913901	0.917256312
1.874	0.288424397	0.915702212
1.875	0.28779819	0.913714105
1.876	0.287124244	0.911574432
1.877	0.286415564	0.909324484
1.878	0.285612941	0.906776281
1.879	0.284820193	0.904259432
1.88	0.284074692	0.901892581
1.881	0.283285929	0.899388384
1.882	0.282455378	0.896751514
1.883	0.281576451	0.89396106
1.884	0.280667064	0.891073899
1.885	0.279644798	0.887828365
1.886	0.278520566	0.884259105
1.887	0.277319441	0.88044572
1.888	0.275951933	0.876104096
1.889	0.274432681	0.871280709
1.89	0.272764025	0.865982989
1.891	0.270936981	0.860182413
1.892	0.269010371	0.854065727
1.893	0.267010039	0.847714987
1.894	0.264938527	0.841138262
1.895	0.262843121	0.834485677
1.896	0.260692133	0.827656625
1.897	0.25848442	0.820647482
1.898	0.256226311	0.813478341
1.899	0.253947272	0.806242752
1.9	0.251615742	0.79884051
1.901	0.249201905	0.791176953
1.902	0.246734468	0.783343229
1.903	0.244161215	0.775173554
1.904	0.241492302	0.766700174
1.905	0.238827497	0.758239838
1.906	0.236114393	0.749626159
1.907	0.233454513	0.741181455
1.908	0.230856703	0.732933816
1.909	0.228286251	0.724773034
1.91	0.225869702	0.717100869
1.911	0.223639273	0.710019609
1.912	0.221621519	0.703613555
1.913	0.219785619	0.697784863
1.914	0.218167263	0.692646834
1.915	0.216699283	0.687986227
1.916	0.215345351	0.683687707
1.917	0.214075224	0.679655253
1.918	0.21288752	0.67588448
1.919	0.21178486	0.672383706
1.92	0.210714768	0.668986331
1.921	0.209654542	0.66562028
1.922	0.208547114	0.66210437
1.923	0.207356102	0.658323094
1.924	0.206068314	0.654234569
1.925	0.204615254	0.649621334
1.926	0.203066042	0.644702828
1.927	0.201414927	0.639460797
1.928	0.199643481	0.633836734
1.929	0.197699972	0.627666398
1.93	0.195686468	0.621273839
1.931	0.193587494	0.614609926
1.932	0.191340382	0.607475697
1.933	0.189031308	0.600144748
1.934	0.186658942	0.592612859
1.935	0.184132521	0.584591867
1.936	0.181522434	0.576305253
1.937	0.178832568	0.567765349
1.938	0.176020328	0.558836928
1.939	0.173168627	0.549783225
1.94	0.170253235	0.540527313
1.941	0.167276364	0.531076214
1.942	0.164213775	0.521352974
1.943	0.161078183	0.511397962
1.944	0.157879312	0.501242048
1.945	0.154683359	0.4910954
1.946	0.151540044	0.481115867
1.947	0.148429044	0.471238931
1.948	0.145414439	0.461668031
1.949	0.142508222	0.45244125
1.95	0.139702656	0.443534016
1.951	0.136942348	0.434770474
1.952	0.134376767	0.426625156
1.953	0.131952847	0.418929588
1.954	0.129662777	0.411658975
1.955	0.127525315	0.404872871
1.956	0.125563717	0.398645105
1.957	0.123633952	0.392518404
1.958	0.121743132	0.386515347
1.959	0.11971047	0.380061963
1.96	0.117471825	0.372954616
1.961	0.115019497	0.365168859
1.962	0.112263343	0.356418503
1.963	0.109528238	0.347734975
1.964	0.106331635	0.337586259
1.965	0.103698634	0.329226896
1.966	0.100829845	0.320118939
1.967	0.098933915	0.314099661
1.968	0.097377106	0.309157036
1.969	0.096780386	0.307262544
1.97	0.097014113	0.308004589
1.971	0.09812002	0.311515672
1.972	0.100007975	0.317509632
1.973	0.102630928	0.325837097
1.974	0.105784353	0.335848727
1.975	0.109285177	0.346963293
1.976	0.113028416	0.35884749
1.977	0.116753279	0.370673346
1.978	0.120084372	0.381249043
1.979	0.123564483	0.392297849
1.98	0.126199544	0.400663755
1.981	0.128444565	0.407791344
1.982	0.130002456	0.412737403
1.983	0.130826638	0.415354051
1.984	0.13085144	0.415432794
1.985	0.130349357	0.413838758
1.986	0.129350691	0.410668153
1.987	0.128338295	0.407453954
1.988	0.127539977	0.404919421
1.989	0.127337205	0.404275651
1.99	0.128183568	0.40696272
1.991	0.130107124	0.413069708
1.992	0.133102226	0.422578686
1.993	0.136987273	0.4349131
1.994	0.142352679	0.451947424
1.995	0.147671582	0.468834105
1.996	0.153860188	0.488481959
1.997	0.160035404	0.508087302
1.998	0.166026096	0.527106811
1.999	0.171536145	0.544600349
2	0.176533613	0.560466526
2.001	0.18084058	0.574140474
2.002	0.184591032	0.58604757
2.003	0.187785271	0.596188778
2.004	0.190450009	0.604648902
2.005	0.192787936	0.612071452
2.006	0.194862098	0.618656592
2.007	0.196467183	0.623752486
2.008	0.198068866	0.628837576
2.009	0.199366224	0.632956487
2.01	0.200692012	0.637165656
2.011	0.2019197	0.641063371
2.012	0.203081829	0.644752948
2.013	0.204201144	0.648306598
2.014	0.205306959	0.651817386
2.015	0.206410556	0.655321134
2.016	0.207575592	0.659019941
2.017	0.2087512	0.662752312
2.018	0.20990508	0.666415701
2.019	0.211074219	0.670127534
2.02	0.212199993	0.673701687
2.021	0.213261673	0.677072358
2.022	0.214300676	0.680371028
2.023	0.215250999	0.683388155
2.024	0.216160091	0.686274377
2.025	0.216951628	0.688787384
2.026	0.217605475	0.690863245
2.027	0.218254598	0.692924109
2.028	0.218823736	0.694731035
2.029	0.219320031	0.696306692
2.03	0.219867426	0.698044584
2.031	0.220528937	0.700144779
2.032	0.221358506	0.702778531
2.033	0.222449529	0.706242356
2.034	0.223803462	0.710540884
2.035	0.225468882	0.715828331
2.036	0.227388519	0.721922876
2.037	0.229534463	0.728735911
2.038	0.231731355	0.7357107
2.039	0.234238153	0.74366939
2.04	0.236523668	0.750925542
2.041	0.238893163	0.758448317
2.042	0.24102891	0.765228979
2.043	0.24308063	0.771742866
2.044	0.24493694	0.77763636
2.045	0.246643552	0.783054584
2.046	0.248172233	0.787907906
2.047	0.249542519	0.792258352
2.048	0.250800361	0.796251802
2.049	0.251904463	0.799757151
2.05	0.25294565	0.803062757
2.051	0.253893193	0.806071058
2.052	0.254710944	0.808667288
2.053	0.255506762	0.811193888
2.054	0.256226361	0.8134785
2.055	0.25685897	0.815486935
2.056	0.257391891	0.817178877
2.057	0.257906376	0.818812285
2.058	0.258322448	0.820133247
2.059	0.258755581	0.821508379
2.06	0.259163578	0.822803702
2.061	0.259556412	0.824050889
2.062	0.259940178	0.825269288
2.063	0.260283413	0.826359004
2.064	0.260609349	0.8273938
2.065	0.260937889	0.828436862
2.066	0.261217432	0.829324368
2.067	0.261477956	0.83015149
2.068	0.261728684	0.830947512
2.069	0.261924632	0.831569616
2.07	0.262142847	0.832262414
2.071	0.262337568	0.832880624
2.072	0.262482963	0.833342229
2.073	0.262564502	0.833601103
2.074	0.262696162	0.834019105
2.075	0.262798362	0.834343572
2.076	0.262936718	0.834782833
2.077	0.263149968	0.835459868
2.078	0.263289001	0.835901275
2.079	0.263394791	0.836237141
2.08	0.263489588	0.836538109
2.081	0.263553334	0.836740492
2.082	0.263600959	0.836891691
2.083	0.263658142	0.83707324
2.084	0.26373323	0.837311631
2.085	0.263766675	0.837417815
2.086	0.263777488	0.837452146
2.087	0.263799427	0.837521796
2.088	0.263802408	0.837531261
2.089	0.263754462	0.83737904
2.09	0.263703489	0.83721721
2.091	0.263642511	0.837023615
2.092	0.263537037	0.836688751
2.093	0.263429171	0.836346292
2.094	0.263361276	0.836130738
2.095	0.263225659	0.835700174
2.096	0.263016959	0.835037585
2.097	0.262835288	0.834460807
2.098	0.262636721	0.833830388
2.099	0.262419931	0.833142113
2.1	0.262187389	0.83240383
2.101	0.261986072	0.83176468
2.102	0.261754359	0.831029027
2.103	0.261508638	0.8302489
2.104	0.261220683	0.829334689
2.105	0.260931829	0.828417624
2.106	0.260624589	0.827442184
2.107	0.260231856	0.826195319
2.108	0.259830966	0.824922556
2.109	0.259453976	0.823725672
2.11	0.259015987	0.822335125
2.111	0.258548644	0.820851384
2.112	0.25808973	0.819394404
2.113	0.25762059	0.817904958
2.114	0.257117349	0.816307248
2.115	0.256553403	0.814516808
2.116	0.256091193	0.813049363
2.117	0.255620888	0.81155622
2.118	0.255246892	0.81036884
2.119	0.254980432	0.809522871
2.12	0.254721096	0.808699519
2.121	0.254509331	0.8080272
2.122	0.254303439	0.807373524
2.123	0.254151702	0.806891784
2.124	0.254008491	0.806437111
2.125	0.253885649	0.806047109
2.126	0.253807364	0.805798563
2.127	0.25370834	0.805484179
2.128	0.253607256	0.805163254
2.129	0.25357078	0.805047446
2.13	0.253549216	0.804978985
2.131	0.253534453	0.804932115
2.132	0.253614764	0.805187091
2.133	0.253768138	0.805674027
2.134	0.253960451	0.806284592
2.135	0.254237965	0.807165656
2.136	0.254657954	0.808499054
2.137	0.255051612	0.809748856
2.138	0.255478574	0.811104394
2.139	0.255924395	0.812519807
2.14	0.256407642	0.814054041
2.141	0.256876266	0.815541847
2.142	0.257404075	0.817217557
2.143	0.257866503	0.818685694
2.144	0.258305526	0.820079523
2.145	0.258711548	0.821368579
2.146	0.259075199	0.822523116
2.147	0.259389215	0.823520064
2.148	0.259689693	0.824474038
2.149	0.259931096	0.825240453
2.15	0.260115924	0.825827253
2.151	0.260311271	0.826447449
2.152	0.260455518	0.82690541
2.153	0.260529089	0.827138987
2.154	0.260594335	0.827346132
2.155	0.260596808	0.827353985
2.156	0.260525404	0.827127288
2.157	0.260471423	0.826955906
2.158	0.260402633	0.826737509
2.159	0.260312577	0.826451597
2.16	0.260195878	0.826081093
2.161	0.260067568	0.82567373
2.162	0.259929602	0.82523571
2.163	0.259739792	0.824633094
2.164	0.259569757	0.824093258
2.165	0.259411688	0.823591414
2.166	0.259269515	0.823140038
2.167	0.259146376	0.822749089
2.168	0.259006124	0.822303811
2.169	0.25889539	0.821952249
2.17	0.258702887	0.821341083
2.171	0.258523164	0.820770489
2.172	0.258335943	0.820176093
2.173	0.258163228	0.81962775
2.174	0.258039802	0.819235892
2.175	0.257877039	0.818719143
2.176	0.257754304	0.818329481
2.177	0.257684216	0.818106963
2.178	0.257538623	0.817644725
2.179	0.257380762	0.817143543
2.18	0.257244055	0.81670952
2.181	0.257026412	0.816018539
2.182	0.256801757	0.815305292
2.183	0.256646708	0.814813037
2.184	0.256471477	0.814256704
2.185	0.256287012	0.813671058
2.186	0.25612776	0.813165459
2.187	0.255931338	0.812541849
2.188	0.255695784	0.811794002
2.189	0.25547646	0.811097684
2.19	0.25523203	0.810321656
2.191	0.255029572	0.809678884
2.192	0.254858645	0.809136218
2.193	0.254668772	0.808533401
2.194	0.254494537	0.807980232
2.195	0.254317654	0.807418657
2.196	0.254111805	0.806765117
2.197	0.253916057	0.806143649
2.198	0.253732634	0.805561307
2.199	0.253567253	0.805036251
2.2	0.253342203	0.804321751
2.201	0.253180407	0.803808075
2.202	0.253035079	0.803346682
2.203	0.252822378	0.802671388
2.204	0.252633801	0.802072685
2.205	0.252449875	0.80148875
2.206	0.252229177	0.800788068
2.207	0.25202647	0.800144505
2.208	0.251837746	0.799545336
2.209	0.251655272	0.798966011
2.21	0.251447679	0.798306934
2.211	0.251264603	0.797725698
2.212	0.251113858	0.797247106
2.213	0.250886214	0.796524371
2.214	0.250658572	0.795801643
2.215	0.250445773	0.795126041
2.216	0.250225935	0.794428089
2.217	0.250094667	0.794011334
2.218	0.249950854	0.793554751
2.219	0.249843495	0.793213902
2.22	0.249691324	0.792730784
2.221	0.249516281	0.792175051
2.222	0.249375245	0.791727282
2.223	0.249240239	0.79129866
2.224	0.24912281	0.79092584
2.225	0.249030314	0.790632181
2.226	0.248929062	0.790310721
2.227	0.2488266	0.789985419
2.228	0.248731163	0.789682423
2.229	0.248634904	0.789376816
2.23	0.248560474	0.789140512
2.231	0.248491784	0.788922433
2.232	0.248439415	0.788756169
2.233	0.24842499	0.78871037
2.234	0.248402048	0.788637534
2.235	0.248311977	0.788351572
2.236	0.248240333	0.788124115
2.237	0.248171839	0.787906657
2.238	0.248076734	0.787604713
2.239	0.248038648	0.787483798
2.24	0.247992795	0.787338221
2.241	0.247930789	0.787141361
2.242	0.247912434	0.787083088
2.243	0.247886541	0.78700088
2.244	0.247857978	0.786910199
2.245	0.247870703	0.786950597
2.246	0.247873535	0.786959587
2.247	0.247827558	0.786813618
2.248	0.247774945	0.78664658
2.249	0.247699551	0.786407217
2.25	0.247614009	0.786135635
2.251	0.247540511	0.785902289
2.252	0.247464268	0.785660229
2.253	0.247360592	0.785331076
2.254	0.247209116	0.784850161
2.255	0.247082383	0.784447805
2.256	0.24697831	0.784117389
2.257	0.24684893	0.783706629
2.258	0.246736369	0.783349263
2.259	0.2466593	0.783104584
2.26	0.24656829	0.78281564
2.261	0.246437517	0.782400458
2.262	0.246302997	0.781973378
2.263	0.246188866	0.781611028
2.264	0.246063983	0.781214546
2.265	0.245935006	0.780805062
2.266	0.245823165	0.780449986
2.267	0.245738063	0.780179801
2.268	0.245616153	0.779792754
2.269	0.245533571	0.779530569
2.27	0.245531851	0.779525109
2.271	0.245489624	0.779391044
2.272	0.245420992	0.779173148
2.273	0.245387191	0.779065835
2.274	0.245379651	0.779041897
2.275	0.245343271	0.778926399
2.276	0.245305854	0.778807604
2.277	0.245286015	0.778744617
2.278	0.245266836	0.778683729
2.279	0.245225666	0.77855302
2.28	0.245237761	0.778591418
2.281	0.245227187	0.778557848
2.282	0.245185816	0.778426503
2.283	0.245191776	0.778445423
2.284	0.245155435	0.778330046
2.285	0.245109991	0.778185771
2.286	0.245100399	0.778155318
2.287	0.245032864	0.777940904
2.288	0.244974352	0.777755136
2.289	0.244883296	0.77746605
2.29	0.244756724	0.777064203
2.291	0.244678574	0.776816087
2.292	0.244564802	0.77645488
2.293	0.244471832	0.776159715
2.294	0.244393897	0.775912284
2.295	0.244228965	0.775388651
2.296	0.244071593	0.774889018
2.297	0.243942299	0.774478532
2.298	0.243785759	0.773981542
2.299	0.243664577	0.773596807
2.3	0.24360146	0.773396422
2.301	0.243526528	0.773158523
2.302	0.243423156	0.772830334
2.303	0.243367671	0.772654176
2.304	0.243320732	0.772505154
2.305	0.243210846	0.772156281
2.306	0.243169352	0.772024547
2.307	0.243148561	0.771958538
2.308	0.243057963	0.771670902
2.309	0.243033516	0.771593287
2.31	0.243034014	0.771594867
2.311	0.243035923	0.77160093
2.312	0.243084746	0.771755935
2.313	0.243104997	0.771820227
2.314	0.24308596	0.771759787
2.315	0.243087183	0.771763671
2.316	0.243115377	0.771853183
2.317	0.243133513	0.771910761
2.318	0.243150434	0.771964483
2.319	0.243091565	0.771777583
2.32	0.24295315	0.771338139
2.321	0.24284831	0.771005289
2.322	0.242741908	0.770667477
2.323	0.242649603	0.770374424
2.324	0.242596014	0.770204286
2.325	0.242479221	0.769833487
2.326	0.242296435	0.76925317
2.327	0.242080131	0.76856644
2.328	0.241799284	0.767674793
2.329	0.241530614	0.766821809
2.33	0.241331737	0.766190406
2.331	0.2410991	0.76545182
2.332	0.240833889	0.764609818
2.333	0.240509182	0.763578924
2.334	0.240084224	0.762229747
2.335	0.23965152	0.76085598
2.336	0.239142704	0.75924057
2.337	0.238573353	0.757432971
2.338	0.238054431	0.755785474
2.339	0.237538198	0.754146516
2.34	0.237029191	0.752530498
2.341	0.236584815	0.751119673
2.342	0.23605379	0.749433754
2.343	0.235362233	0.747238167
2.344	0.234768029	0.745351662
2.345	0.234143095	0.743367595
2.346	0.233434392	0.741117575
2.347	0.232899946	0.739420792
2.348	0.232322755	0.737588303
2.349	0.231673391	0.735526672
2.35	0.231092051	0.733681008
2.351	0.230455334	0.731659533
2.352	0.229743493	0.729399548
2.353	0.229052621	0.727206139
2.354	0.228449255	0.725290545
2.355	0.227905031	0.723562722
2.356	0.227353942	0.721813099
2.357	0.226789081	0.720019755
2.358	0.226260253	0.718340809
2.359	0.225658826	0.716431373
2.36	0.225001863	0.714345619
2.361	0.224431963	0.712536275
2.362	0.223753416	0.710381994
2.363	0.223040887	0.708119825
2.364	0.222515438	0.706451607
2.365	0.221949928	0.704656202
2.366	0.221307244	0.702615781
2.367	0.220750315	0.700847621
2.368	0.220133689	0.698889929
2.369	0.21953552	0.696990837
2.37	0.219130771	0.69570582
2.371	0.218615017	0.694068384
2.372	0.218063319	0.692316828
2.373	0.217723304	0.691237335
2.374	0.217322581	0.689965102
2.375	0.216905296	0.688640289
2.376	0.216579598	0.687606246
2.377	0.216083469	0.686031115
2.378	0.215481411	0.684119677
2.379	0.215074037	0.682826327
2.38	0.214748627	0.681793202
2.381	0.214316626	0.680421667
2.382	0.213964969	0.679305211
2.383	0.213513864	0.677873024
2.384	0.212915051	0.675971886
2.385	0.212397949	0.674330168
2.386	0.211774327	0.672350265
2.387	0.211203697	0.670538606
2.388	0.210691525	0.668912539
2.389	0.210078336	0.666965761
2.39	0.209550948	0.665291385
2.391	0.208969156	0.663444289
2.392	0.208283945	0.66126885
2.393	0.207596359	0.659085874
2.394	0.206833197	0.656662953
2.395	0.206103383	0.65434591
2.396	0.205424945	0.652191975
2.397	0.204687983	0.649852235
2.398	0.204032328	0.647770634
2.399	0.203319526	0.6455076
2.4	0.202457403	0.642770494
2.401	0.201660141	0.640239311
2.402	0.200765908	0.637400264
2.403	0.199877627	0.63458011
2.404	0.199166629	0.632322804
2.405	0.198344607	0.629713011
2.406	0.197345005	0.626539431
2.407	0.196247171	0.623053982
2.408	0.195074509	0.619330965
2.409	0.193982397	0.615863681
2.41	0.192937608	0.612546638
2.411	0.19180883	0.608962945
2.412	0.190627332	0.605211876
2.413	0.189312557	0.60103767
2.414	0.187950484	0.596713301
2.415	0.18659336	0.592404647
2.416	0.185172438	0.587893442
2.417	0.183625715	0.58298284
2.418	0.181995113	0.577805935
2.419	0.180552393	0.573225524
2.42	0.179037418	0.568415717
2.421	0.1774772	0.563462268
2.422	0.176040882	0.558902185
2.423	0.174299919	0.5533749
2.424	0.17252444	0.547738033
2.425	0.170879921	0.542516943
2.426	0.169089474	0.536832554
2.427	0.167594848	0.532087352
2.428	0.166293753	0.52795658
2.429	0.164664333	0.522783425
2.43	0.163080842	0.51775609
2.431	0.161481012	0.512676881
2.432	0.159637023	0.506822506
2.433	0.157993615	0.501604943
2.434	0.156576226	0.497104956
2.435	0.155317645	0.493109158
2.436	0.154166119	0.489453241
2.437	0.153258865	0.486572855
2.438	0.152271849	0.483439233
2.439	0.151249618	0.48019381
2.44	0.150435191	0.477608133
2.441	0.14971717	0.475328528
2.442	0.149068113	0.473267874
2.443	0.148663335	0.471982767
2.444	0.148151108	0.470356527
2.445	0.147524475	0.468367065
2.446	0.147197379	0.467328588
2.447	0.147010076	0.466733929
2.448	0.146861327	0.466261673
2.449	0.146886404	0.46634129
2.45	0.146968376	0.466601538
2.451	0.147056807	0.466882294
2.452	0.147208835	0.467364959
2.453	0.147455225	0.468147207
2.454	0.147410107	0.468003966
2.455	0.147267308	0.467550601
2.456	0.147377434	0.467900234
2.457	0.147516531	0.468341845
2.458	0.147825426	0.469322539
2.459	0.148243591	0.470650146
2.46	0.148384798	0.471098456
2.461	0.148365649	0.471037661
2.462	0.148172453	0.470424294
2.463	0.147927635	0.469647034
2.464	0.147424022	0.468048143
2.465	0.146932804	0.466488603
2.466	0.146814286	0.466112327
2.467	0.146393455	0.464776253
2.468	0.146066245	0.463737413
2.469	0.145817198	0.462946727
2.47	0.145142357	0.460804215
2.471	0.144793912	0.459697957
2.472	0.144651124	0.459244628
2.473	0.144372022	0.458358522
2.474	0.144309682	0.458160603
2.475	0.144318008	0.458187037
2.476	0.144557024	0.458945875
2.477	0.144626085	0.45916513
2.478	0.144430126	0.458542992
2.479	0.144732284	0.459502297
2.48	0.145129693	0.460764007
2.481	0.145688882	0.462539345
2.482	0.146837061	0.466184634
2.483	0.147713326	0.468966638
2.484	0.148573034	0.471696075
2.485	0.149384688	0.47427295
2.486	0.150159509	0.476732884
2.487	0.150965732	0.479292516
2.488	0.151466684	0.480882961
2.489	0.152451953	0.484011036
2.49	0.153872372	0.488520642
2.491	0.154961345	0.491977961
2.492	0.156301467	0.496232637
2.493	0.157210348	0.499118191
2.494	0.158008791	0.501653123
2.495	0.158987269	0.504759637
2.496	0.159480896	0.506326826
2.497	0.160122768	0.508364668
2.498	0.160803978	0.510527404
2.499	0.1614017	0.512425077
2.5	0.162177061	0.514886727
