MgCl2.4H2O 80K NIR reflectance spectra from 0.35-2.5um		
This is the data used to create Figure 2		
		
Wavelength (um)	% Reflectance	normalized
0.35	0.311202869	0.907875814
0.351	0.307700602	0.897658607
0.352	0.309442269	0.902739592
0.353	0.311956395	0.910074082
0.354	0.310632944	0.906213164
0.355	0.310427707	0.905614424
0.356	0.312591516	0.911926928
0.357	0.3145762	0.917716871
0.358	0.313169323	0.913612572
0.359	0.313883312	0.9156955
0.36	0.314605113	0.91780122
0.361	0.314543643	0.917621892
0.362	0.314975616	0.918882091
0.363	0.316321858	0.9228095
0.364	0.315648931	0.920846362
0.365	0.312693417	0.912224206
0.366	0.315157485	0.91941266
0.367	0.316284336	0.922700036
0.368	0.316082329	0.922110717
0.369	0.316756083	0.924076269
0.37	0.317680278	0.926772434
0.371	0.317559474	0.92642001
0.372	0.316926075	0.92457219
0.373	0.317742561	0.926954133
0.374	0.317661619	0.926718001
0.375	0.317431095	0.926045489
0.376	0.317779891	0.927063038
0.377	0.318497235	0.929155751
0.378	0.318269591	0.928491645
0.379	0.318070258	0.927910127
0.38	0.318882792	0.930280543
0.381	0.318155867	0.928159875
0.382	0.317810316	0.927151796
0.383	0.318464885	0.929061377
0.384	0.319467498	0.931986312
0.385	0.318839225	0.930153443
0.386	0.318187112	0.928251026
0.387	0.318564162	0.929351
0.388	0.319330424	0.931586425
0.389	0.318910658	0.930361837
0.39	0.318746036	0.929881584
0.391	0.320095354	0.933817965
0.392	0.320212379	0.934159361
0.393	0.319850656	0.933104103
0.394	0.319658917	0.932544742
0.395	0.320011696	0.933573906
0.396	0.319904047	0.933259863
0.397	0.319909148	0.933274744
0.398	0.320228913	0.934207597
0.399	0.320227723	0.934204126
0.4	0.320723444	0.935650299
0.401	0.321138686	0.936861689
0.402	0.320921698	0.936228666
0.403	0.320804496	0.935886752
0.404	0.321004755	0.936470972
0.405	0.321233902	0.937139464
0.406	0.321018095	0.936509887
0.407	0.321072538	0.936668714
0.408	0.321271429	0.937248942
0.409	0.321385438	0.937581543
0.41	0.321157337	0.936916101
0.411	0.321626322	0.938284276
0.412	0.322121377	0.939728505
0.413	0.321997974	0.9393685
0.414	0.322355484	0.940411467
0.415	0.322416338	0.940588997
0.416	0.322284833	0.940205358
0.417	0.322568654	0.941033351
0.418	0.323001411	0.942295838
0.419	0.323344933	0.943297999
0.42	0.323471895	0.943668388
0.421	0.323378738	0.94339662
0.422	0.323708429	0.944358431
0.423	0.324098048	0.945495071
0.424	0.32411953	0.94555774
0.425	0.324256994	0.945958764
0.426	0.324397039	0.946367322
0.427	0.324589101	0.946927626
0.428	0.32497355	0.948049183
0.429	0.32525743	0.94887735
0.43	0.325526017	0.949660901
0.431	0.325830886	0.9505503
0.432	0.326054432	0.951202454
0.433	0.32634585	0.952052611
0.434	0.326652559	0.952947376
0.435	0.326886789	0.953630697
0.436	0.327128319	0.954335315
0.437	0.327335144	0.95493869
0.438	0.327525288	0.955493398
0.439	0.327764418	0.956191016
0.44	0.327930378	0.956675171
0.441	0.328101138	0.957173332
0.442	0.328343725	0.957881035
0.443	0.328632894	0.958724629
0.444	0.328869135	0.95941382
0.445	0.329055752	0.959958238
0.446	0.329247274	0.96051697
0.447	0.32951825	0.961307491
0.448	0.329683858	0.961790621
0.449	0.329768721	0.962038192
0.45	0.330046536	0.962848664
0.451	0.330326635	0.9636658
0.452	0.330556114	0.964335262
0.453	0.330750774	0.964903147
0.454	0.331044487	0.965759999
0.455	0.331273817	0.966429026
0.456	0.331463059	0.966981105
0.457	0.331714975	0.967716021
0.458	0.331808739	0.96798956
0.459	0.331991704	0.968523325
0.46	0.332303195	0.969432043
0.461	0.332389528	0.969683902
0.462	0.332523412	0.970074483
0.463	0.332720203	0.970648587
0.464	0.332918054	0.971225778
0.465	0.33304247	0.971588739
0.466	0.333294839	0.972324977
0.467	0.333611462	0.973248666
0.468	0.333736693	0.973614003
0.469	0.333833432	0.973896222
0.47	0.334074762	0.974600256
0.471	0.334440265	0.975666542
0.472	0.334471058	0.975756374
0.473	0.334656328	0.976296866
0.474	0.334970475	0.977213332
0.475	0.335200078	0.977883156
0.476	0.335267042	0.978078509
0.477	0.335405396	0.978482131
0.478	0.335648997	0.97919279
0.479	0.335793352	0.97961392
0.48	0.336048437	0.980358083
0.481	0.336322225	0.981156808
0.482	0.336520262	0.981734542
0.483	0.336742008	0.982381444
0.484	0.336968156	0.983041189
0.485	0.337169088	0.983627371
0.486	0.337323375	0.984077473
0.487	0.337532005	0.984686113
0.488	0.337777343	0.985401839
0.489	0.338017615	0.986102788
0.49	0.338192592	0.98661325
0.491	0.338401468	0.987222606
0.492	0.338632836	0.987897581
0.493	0.338845233	0.988517207
0.494	0.339032528	0.989063607
0.495	0.339205819	0.989569151
0.496	0.339361904	0.990024497
0.497	0.339489324	0.990396222
0.498	0.33969045	0.990982971
0.499	0.339826374	0.991379502
0.5	0.339848292	0.991443443
0.501	0.340026067	0.99196207
0.502	0.3402747	0.992687409
0.503	0.340505431	0.993360522
0.504	0.340647291	0.993774373
0.505	0.340811746	0.99425414
0.506	0.341010062	0.994832688
0.507	0.34120571	0.995403456
0.508	0.341310606	0.99570947
0.509	0.341472571	0.996181972
0.51	0.341585954	0.996512747
0.511	0.341567928	0.996460157
0.512	0.341674041	0.996769722
0.513	0.341850177	0.997283567
0.514	0.342049574	0.997865269
0.515	0.342234391	0.998404439
0.516	0.342362998	0.998779624
0.517	0.342375841	0.998817093
0.518	0.342310091	0.99862528
0.519	0.342418448	0.99894139
0.52	0.34248991	0.999149868
0.521	0.342505764	0.999196118
0.522	0.34252807	0.999261193
0.523	0.342618989	0.99952643
0.524	0.342694227	0.999745922
0.525	0.342713746	0.999802866
0.526	0.342705549	0.999778953
0.527	0.342732137	0.99985652
0.528	0.342759398	0.999936048
0.529	0.342748177	0.999903313
0.53	0.342730579	0.999851975
0.531	0.342757559	0.999930682
0.532	0.34278132	1
0.533	0.342701453	0.999767004
0.534	0.342697723	0.999756122
0.535	0.342625735	0.999546111
0.536	0.342423167	0.998955158
0.537	0.342293626	0.998577246
0.538	0.34214855	0.998154012
0.539	0.341986501	0.997681267
0.54	0.341819284	0.997193442
0.541	0.34155601	0.99642539
0.542	0.341270754	0.99559321
0.543	0.341030898	0.994893475
0.544	0.340880644	0.994455137
0.545	0.340751637	0.994078784
0.546	0.340632274	0.993730564
0.547	0.340540814	0.993463748
0.548	0.340542217	0.993467841
0.549	0.340595074	0.993622039
0.55	0.340671518	0.99384505
0.551	0.340757533	0.994095984
0.552	0.340875719	0.994440768
0.553	0.341033301	0.994900486
0.554	0.341217858	0.995438894
0.555	0.341382182	0.995918278
0.556	0.341531447	0.996353732
0.557	0.34166587	0.996745885
0.558	0.341783816	0.99708997
0.559	0.341881191	0.997374043
0.56	0.341908343	0.997453255
0.561	0.341854458	0.997296055
0.562	0.341758556	0.997016281
0.563	0.341656734	0.996719232
0.564	0.341546148	0.996396619
0.565	0.341411573	0.996004021
0.566	0.341231734	0.995479374
0.567	0.341080112	0.995037048
0.568	0.341034026	0.9949026
0.569	0.341148543	0.995236682
0.57	0.341192913	0.995366123
0.571	0.34121823	0.995439979
0.572	0.341285391	0.995635909
0.573	0.341384566	0.995925234
0.574	0.341410112	0.995999761
0.575	0.341416548	0.996018537
0.576	0.341490927	0.996235522
0.577	0.341450005	0.996116139
0.578	0.341462516	0.996152637
0.579	0.341435215	0.996072994
0.58	0.340923346	0.994579712
0.581	0.340191159	0.992443695
0.582	0.339368349	0.990043301
0.583	0.33855595	0.987673279
0.584	0.33782603	0.985543876
0.585	0.337348883	0.984151889
0.586	0.33700187	0.983139542
0.587	0.336496851	0.981666247
0.588	0.336348045	0.981232131
0.589	0.336284888	0.981047883
0.59	0.33606903	0.980418157
0.591	0.335742625	0.979465933
0.592	0.335742397	0.979465269
0.593	0.335829368	0.979718988
0.594	0.335605979	0.979067294
0.595	0.335606443	0.979068647
0.596	0.335766652	0.979536026
0.597	0.33587213	0.979843741
0.598	0.335585331	0.979007056
0.599	0.33543841	0.978578443
0.6	0.335340215	0.978291977
0.601	0.335092242	0.977568562
0.602	0.334678437	0.976361363
0.603	0.33459211	0.976109522
0.604	0.334718754	0.976478983
0.605	0.334533253	0.975937817
0.606	0.334287184	0.975219959
0.607	0.334228805	0.975049649
0.608	0.334351231	0.975406802
0.609	0.334082144	0.974621793
0.61	0.333896836	0.974081191
0.611	0.333912785	0.974127719
0.612	0.334037741	0.974492256
0.613	0.333799884	0.973798353
0.614	0.333578666	0.973152991
0.615	0.333564286	0.973111039
0.616	0.333637818	0.973325555
0.617	0.333455079	0.972792447
0.618	0.333237166	0.972156729
0.619	0.333234496	0.972148939
0.62	0.333290389	0.972311995
0.621	0.333135329	0.971859639
0.622	0.332882079	0.971120828
0.623	0.332881321	0.971118616
0.624	0.332935807	0.971277568
0.625	0.332816715	0.970930142
0.626	0.332520807	0.970066885
0.627	0.332497483	0.969998843
0.628	0.332548157	0.970146674
0.629	0.332498217	0.970000982
0.63	0.332245613	0.969264059
0.631	0.332077806	0.968774513
0.632	0.332078815	0.968777455
0.633	0.33213727	0.968947988
0.634	0.331952633	0.968409343
0.635	0.331783158	0.967914932
0.636	0.33171544	0.967717377
0.637	0.331725665	0.967747209
0.638	0.331574746	0.967306931
0.639	0.331455646	0.966959477
0.64	0.331422358	0.966862366
0.641	0.33142755	0.966877514
0.642	0.331346422	0.966640839
0.643	0.331195484	0.966200506
0.644	0.33105438	0.96578886
0.645	0.331085491	0.965879621
0.646	0.331047198	0.965767907
0.647	0.330887818	0.965302948
0.648	0.33067179	0.964672725
0.649	0.330665506	0.964654394
0.65	0.33068282	0.964704904
0.651	0.330604322	0.964475901
0.652	0.330408283	0.963903995
0.653	0.3302788	0.96352625
0.654	0.33024007	0.963413263
0.655	0.330245066	0.963427838
0.656	0.330160593	0.963181404
0.657	0.330065488	0.962903953
0.658	0.329998337	0.962708054
0.659	0.329969583	0.962624168
0.66	0.329931138	0.962512012
0.661	0.329861394	0.962308549
0.662	0.329763688	0.962023509
0.663	0.329667127	0.961741811
0.664	0.329741167	0.961957808
0.665	0.329796678	0.962119751
0.666	0.329657881	0.961714838
0.667	0.32960218	0.961552339
0.668	0.329592633	0.961524489
0.669	0.329616193	0.961593219
0.67	0.329669099	0.961747563
0.671	0.329601934	0.961551622
0.672	0.329523456	0.961322678
0.673	0.32951365	0.96129407
0.674	0.329512998	0.961292168
0.675	0.329509449	0.961281815
0.676	0.329471273	0.961170445
0.677	0.329384158	0.960916301
0.678	0.329348575	0.960812495
0.679	0.329321537	0.960733617
0.68	0.329281359	0.960616404
0.681	0.329238708	0.960491979
0.682	0.329208772	0.960404647
0.683	0.329195174	0.960364977
0.684	0.329191508	0.960354283
0.685	0.329181492	0.960325063
0.686	0.329094615	0.960071615
0.687	0.329015148	0.959839784
0.688	0.329071814	0.960005097
0.689	0.329079987	0.96002894
0.69	0.329017516	0.959846694
0.691	0.328918831	0.959558799
0.692	0.328869284	0.959414255
0.693	0.328869778	0.959415695
0.694	0.328874311	0.95942892
0.695	0.328836793	0.959319467
0.696	0.32876451	0.959108596
0.697	0.328688797	0.958887716
0.698	0.328638488	0.95874095
0.699	0.328632432	0.958723283
0.7	0.328629683	0.958715264
0.701	0.328581314	0.958574156
0.702	0.328487458	0.958300349
0.703	0.328428248	0.958127615
0.704	0.328431273	0.958136438
0.705	0.328442447	0.958169038
0.706	0.328396889	0.95803613
0.707	0.328316103	0.957800453
0.708	0.328277178	0.957686895
0.709	0.32828833	0.957719429
0.71	0.328292944	0.957732892
0.711	0.328196976	0.957452922
0.712	0.328113217	0.957208572
0.713	0.328109365	0.957197332
0.714	0.328086162	0.957129642
0.715	0.328051003	0.957027074
0.716	0.328016566	0.95692661
0.717	0.327990912	0.956851769
0.718	0.327922908	0.95665338
0.719	0.327886022	0.956545773
0.72	0.327895474	0.956573348
0.721	0.327901716	0.956591557
0.722	0.327853515	0.956450939
0.723	0.327769175	0.956204892
0.724	0.327680815	0.955947121
0.725	0.327612336	0.955747344
0.726	0.327573349	0.955633609
0.727	0.327558749	0.955591014
0.728	0.327549399	0.955563738
0.729	0.327498692	0.95541581
0.73	0.327442763	0.955252647
0.731	0.327387047	0.955090106
0.732	0.327301525	0.954840612
0.733	0.32725759	0.954712441
0.734	0.327256472	0.954709179
0.735	0.327263348	0.954729238
0.736	0.327186096	0.954503869
0.737	0.327156156	0.954416526
0.738	0.327158585	0.95442361
0.739	0.327128501	0.954335847
0.74	0.327132583	0.954347755
0.741	0.327093136	0.954232677
0.742	0.326999972	0.953960887
0.743	0.326923931	0.953739052
0.744	0.326854875	0.953537595
0.745	0.326787221	0.953340228
0.746	0.326712321	0.95312172
0.747	0.326619095	0.95284975
0.748	0.326477677	0.952437189
0.749	0.326311344	0.951951945
0.75	0.326166325	0.951528878
0.751	0.326071758	0.951252999
0.752	0.325937796	0.950862188
0.753	0.325760001	0.950343506
0.754	0.32562885	0.949960899
0.755	0.32559655	0.949866667
0.756	0.325584179	0.949830579
0.757	0.325513572	0.949624594
0.758	0.32536834	0.949200909
0.759	0.32521596	0.948756367
0.76	0.325036458	0.948232705
0.761	0.324811448	0.94757628
0.762	0.324694512	0.947235142
0.763	0.324699668	0.947250183
0.764	0.324754208	0.947409295
0.765	0.324723785	0.94732054
0.766	0.324628059	0.947041277
0.767	0.324539636	0.946783322
0.768	0.324488988	0.946635564
0.769	0.324407246	0.946397098
0.77	0.324292618	0.946062692
0.771	0.324140389	0.945618592
0.772	0.323958751	0.945088698
0.773	0.323792065	0.944602424
0.774	0.323653071	0.944196934
0.775	0.32353397	0.94384948
0.776	0.323408705	0.943484042
0.777	0.323234857	0.942976874
0.778	0.323022121	0.942356257
0.779	0.322806132	0.941726148
0.78	0.322646533	0.941260549
0.781	0.322499316	0.94083107
0.782	0.322341357	0.940370257
0.783	0.322160332	0.939842149
0.784	0.321958311	0.939252789
0.785	0.321769205	0.93870111
0.786	0.321581825	0.938154464
0.787	0.3213743	0.937549047
0.788	0.321222667	0.937106686
0.789	0.321114174	0.93679018
0.79	0.321034135	0.93655668
0.791	0.320975546	0.936385758
0.792	0.320947515	0.936303983
0.793	0.320966755	0.936360113
0.794	0.321019043	0.936512652
0.795	0.321015182	0.936501388
0.796	0.321059926	0.93663192
0.797	0.32111943	0.936805513
0.798	0.321140836	0.936867962
0.799	0.321223459	0.937108999
0.8	0.321280688	0.937275953
0.801	0.321302398	0.937339289
0.802	0.321349627	0.937477069
0.803	0.32153586	0.93802037
0.804	0.321799024	0.938788102
0.805	0.322072675	0.939586427
0.806	0.322323551	0.94031831
0.807	0.32256844	0.941032728
0.808	0.322835593	0.941812096
0.809	0.323121047	0.942644854
0.81	0.32332456	0.943238565
0.811	0.323497049	0.943741768
0.812	0.323685404	0.94429126
0.813	0.323907481	0.944939129
0.814	0.32403616	0.945314523
0.815	0.324186362	0.94575271
0.816	0.324410851	0.946407615
0.817	0.324690404	0.947223158
0.818	0.324949688	0.947979569
0.819	0.325200725	0.948711922
0.82	0.325444325	0.949422581
0.821	0.325645474	0.950009395
0.822	0.325801479	0.950464509
0.823	0.325906198	0.950770008
0.824	0.325990323	0.951015426
0.825	0.326188056	0.951592277
0.826	0.326357293	0.952085993
0.827	0.326437069	0.952318725
0.828	0.326435114	0.952313021
0.829	0.326496936	0.952493375
0.83	0.326568429	0.952701944
0.831	0.326605034	0.95280873
0.832	0.326585659	0.952752207
0.833	0.326553277	0.952657739
0.834	0.326535107	0.952604731
0.835	0.326537259	0.952611009
0.836	0.326540916	0.952621678
0.837	0.326509242	0.952529276
0.838	0.32645583	0.952373457
0.839	0.326415205	0.95225494
0.84	0.326448313	0.952351527
0.841	0.326387995	0.952175562
0.842	0.326292968	0.951898336
0.843	0.326258433	0.951797587
0.844	0.326197352	0.951619396
0.845	0.326133754	0.951433861
0.846	0.32606146	0.951222955
0.847	0.325965693	0.950943573
0.848	0.325874987	0.950678955
0.849	0.325891491	0.950727104
0.85	0.326034876	0.951145402
0.851	0.32623798	0.95173792
0.852	0.326438	0.952321441
0.853	0.326714575	0.953128297
0.854	0.327053438	0.954116866
0.855	0.327274791	0.954762621
0.856	0.327462133	0.955309156
0.857	0.3276008	0.95571369
0.858	0.327678448	0.955940214
0.859	0.327739048	0.956117003
0.86	0.327742958	0.95612841
0.861	0.327704736	0.956016904
0.862	0.327654126	0.955869258
0.863	0.327599294	0.955709298
0.864	0.327557094	0.955586187
0.865	0.32747703	0.955352614
0.866	0.327312481	0.954872575
0.867	0.327245883	0.954678286
0.868	0.327195015	0.954529889
0.869	0.327115756	0.954298667
0.87	0.327011712	0.953995136
0.871	0.326884826	0.953624972
0.872	0.326673472	0.953008385
0.873	0.326364982	0.952108424
0.874	0.326019455	0.951100415
0.875	0.325727464	0.950248585
0.876	0.325581862	0.949823818
0.877	0.325612693	0.949913762
0.878	0.325753587	0.950324796
0.879	0.325773705	0.950383485
0.88	0.325663203	0.950061116
0.881	0.325478318	0.949521748
0.882	0.325248233	0.948850519
0.883	0.325043838	0.948254235
0.884	0.324899883	0.947834274
0.885	0.324809178	0.947569659
0.886	0.32467259	0.94717119
0.887	0.324668939	0.947160538
0.888	0.324744465	0.947380872
0.889	0.324763157	0.947435402
0.89	0.324818363	0.947596455
0.891	0.324933196	0.947931459
0.892	0.325026755	0.9482044
0.893	0.324980602	0.948069757
0.894	0.324892398	0.947812438
0.895	0.324877073	0.947767728
0.896	0.324995353	0.94811279
0.897	0.325253398	0.948865588
0.898	0.325690542	0.950140874
0.899	0.326315912	0.951965272
0.9	0.327086999	0.954214774
0.901	0.327906107	0.956604365
0.902	0.328663744	0.958814629
0.903	0.329261689	0.960559022
0.904	0.32969159	0.961813177
0.905	0.330064628	0.962901445
0.906	0.330388194	0.963845389
0.907	0.330621696	0.964526585
0.908	0.330764146	0.964942157
0.909	0.330915542	0.965383826
0.91	0.330964211	0.96552581
0.911	0.330957345	0.965505778
0.912	0.330939653	0.965454166
0.913	0.330835931	0.965151577
0.914	0.330748994	0.964897955
0.915	0.330656067	0.964626857
0.916	0.330492339	0.964149212
0.917	0.330190784	0.963269481
0.918	0.329930302	0.962509574
0.919	0.329678605	0.961775294
0.92	0.329362688	0.960853667
0.921	0.329073418	0.960009778
0.922	0.328872851	0.95942466
0.923	0.328720858	0.958981249
0.924	0.328567368	0.95853347
0.925	0.328528093	0.958418894
0.926	0.328634939	0.958730597
0.927	0.328842325	0.959335607
0.928	0.329058917	0.959967471
0.929	0.32919989	0.960378734
0.93	0.329358962	0.960842796
0.931	0.32952229	0.961319277
0.932	0.329624497	0.961617445
0.933	0.329731272	0.961928943
0.934	0.329773694	0.962052701
0.935	0.329758232	0.962007591
0.936	0.329753343	0.961993329
0.937	0.329843261	0.962255649
0.938	0.329869267	0.962331515
0.939	0.329865466	0.962320428
0.94	0.329969912	0.962625128
0.941	0.329951476	0.962571345
0.942	0.329968129	0.962619929
0.943	0.330027322	0.962792611
0.944	0.330014964	0.962756561
0.945	0.330005563	0.962729135
0.946	0.329932363	0.962515587
0.947	0.329789301	0.962098231
0.948	0.329622209	0.961610771
0.949	0.329408033	0.960985952
0.95	0.329135971	0.960192263
0.951	0.328770497	0.959126061
0.952	0.32828071	0.9576972
0.953	0.327795185	0.956280772
0.954	0.327240299	0.954661997
0.955	0.326630343	0.952882565
0.956	0.326055558	0.951205737
0.957	0.325501413	0.949589125
0.958	0.324921772	0.947898132
0.959	0.324311297	0.946117184
0.96	0.323696181	0.944322698
0.961	0.323026584	0.942369277
0.962	0.322440426	0.940659271
0.963	0.321934665	0.939183809
0.964	0.321398804	0.937620535
0.965	0.320889798	0.936135606
0.966	0.320330756	0.934504704
0.967	0.319687582	0.932628367
0.968	0.318971577	0.930539555
0.969	0.318193914	0.92827087
0.97	0.317446926	0.926091673
0.971	0.316747649	0.924051664
0.972	0.316074772	0.922088672
0.973	0.315522738	0.920478216
0.974	0.314951761	0.918812499
0.975	0.31442264	0.917268887
0.976	0.314042126	0.91615881
0.977	0.313499076	0.914574565
0.978	0.312960026	0.913001988
0.979	0.312569748	0.911863425
0.98	0.312363722	0.911262383
0.981	0.312070743	0.910407671
0.982	0.311700524	0.909327627
0.983	0.311395168	0.908436809
0.984	0.311301148	0.908162523
0.985	0.311356633	0.908324389
0.986	0.311547062	0.908879932
0.987	0.311831576	0.909709946
0.988	0.312147385	0.91063126
0.989	0.312402338	0.911375037
0.99	0.312643973	0.912079961
0.991	0.312793039	0.912514834
0.992	0.312804428	0.91254806
0.993	0.312806126	0.912553013
0.994	0.312527139	0.911739121
0.995	0.312237931	0.910895412
0.996	0.312129405	0.910578805
0.997	0.311968398	0.910109099
0.998	0.312183589	0.910736878
0.999	0.312571704	0.911869132
1	0.312891481	0.91280202
1.001	0.31219111	0.910758818
1.002	0.312239163	0.910899005
1.003	0.312308748	0.911102006
1.004	0.312440932	0.911487628
1.005	0.312564625	0.911848478
1.006	0.312693281	0.912223809
1.007	0.312786756	0.912496503
1.008	0.312753072	0.912398237
1.009	0.312666028	0.912144302
1.01	0.312467082	0.911563915
1.011	0.312154018	0.91065061
1.012	0.311778468	0.909555014
1.013	0.3112684	0.908066987
1.014	0.310804551	0.906713793
1.015	0.310310537	0.905272601
1.016	0.309783357	0.903734654
1.017	0.30930712	0.902345321
1.018	0.308916287	0.901205141
1.019	0.308689368	0.900543145
1.02	0.308535904	0.900095443
1.021	0.308634877	0.900384179
1.022	0.308890067	0.901128649
1.023	0.309203812	0.902043939
1.024	0.309701416	0.903495607
1.025	0.310123274	0.904726298
1.026	0.310594797	0.906101877
1.027	0.311060965	0.907461834
1.028	0.311617897	0.909086577
1.029	0.311988915	0.910168954
1.03	0.312387403	0.911331468
1.031	0.312611803	0.911986112
1.032	0.312513014	0.911697914
1.033	0.312351562	0.911226907
1.034	0.311861168	0.909796276
1.035	0.31138633	0.908411026
1.036	0.310878918	0.906930747
1.037	0.310499154	0.905822857
1.038	0.310594245	0.906100267
1.039	0.310894793	0.906977059
1.04	0.311593814	0.909016321
1.041	0.312820593	0.912595218
1.042	0.314039096	0.91614997
1.043	0.315677488	0.920929671
1.044	0.317118628	0.925133926
1.045	0.3186489	0.929598206
1.046	0.320120177	0.933890381
1.047	0.321291337	0.937307019
1.048	0.322425703	0.940616318
1.049	0.323314815	0.943210134
1.05	0.324075913	0.945430497
1.051	0.324924612	0.947906416
1.052	0.325691134	0.950142598
1.053	0.32641461	0.952253205
1.054	0.327136238	0.954358417
1.055	0.327788562	0.95626145
1.056	0.328365166	0.957943585
1.057	0.328882415	0.959452562
1.058	0.329362833	0.960854092
1.059	0.329810776	0.962160878
1.06	0.330188049	0.963261503
1.061	0.330534401	0.964271919
1.062	0.33085342	0.965202599
1.063	0.331096078	0.965910507
1.064	0.331361612	0.966685152
1.065	0.331593753	0.96736238
1.066	0.331832714	0.968059504
1.067	0.332171003	0.969046397
1.068	0.332502879	0.970014583
1.069	0.332836232	0.970987079
1.07	0.33314965	0.971901417
1.071	0.333512614	0.972960295
1.072	0.333756752	0.973672522
1.073	0.333944298	0.974219652
1.074	0.334117758	0.97472569
1.075	0.334187461	0.974929035
1.076	0.334327866	0.975338639
1.077	0.334495803	0.975828565
1.078	0.334636635	0.976239414
1.079	0.33475686	0.976590148
1.08	0.334898481	0.977003303
1.081	0.335018947	0.977354739
1.082	0.335040847	0.977418628
1.083	0.335041227	0.977419737
1.084	0.335113212	0.977629739
1.085	0.335139399	0.977706133
1.086	0.335137954	0.977701918
1.087	0.335110503	0.977621837
1.088	0.335091786	0.977567234
1.089	0.335021784	0.977363016
1.09	0.334894897	0.976992845
1.091	0.334788715	0.976683079
1.092	0.334694827	0.976409178
1.093	0.334534154	0.975940446
1.094	0.334351403	0.975407303
1.095	0.3341839	0.974918647
1.096	0.333985379	0.974339498
1.097	0.333786783	0.973760133
1.098	0.333631881	0.973308236
1.099	0.333447161	0.972769348
1.1	0.333219383	0.972104848
1.101	0.333042132	0.971587752
1.102	0.332870646	0.971087473
1.103	0.332722856	0.970656324
1.104	0.332508506	0.970030998
1.105	0.33231463	0.969465401
1.106	0.332049259	0.968691232
1.107	0.33172227	0.967737304
1.108	0.331387329	0.966760177
1.109	0.331075649	0.965850909
1.11	0.330627013	0.964542099
1.111	0.330120707	0.963065044
1.112	0.329603449	0.961556042
1.113	0.329018732	0.959850241
1.114	0.328407413	0.958066831
1.115	0.327763343	0.956187879
1.116	0.326898789	0.953665707
1.117	0.325910695	0.950783126
1.118	0.324876921	0.947767287
1.119	0.323718829	0.944388771
1.12	0.32242291	0.94060817
1.121	0.321127211	0.936828212
1.122	0.319634005	0.932472065
1.123	0.31835618	0.928744252
1.124	0.316960849	0.924673634
1.125	0.315931648	0.921671135
1.126	0.315063057	0.919137184
1.127	0.314426572	0.91728036
1.128	0.3141527	0.916481388
1.129	0.314091045	0.916301521
1.13	0.314333754	0.917009579
1.131	0.31469254	0.918056271
1.132	0.315116339	0.919292624
1.133	0.315567588	0.920609058
1.134	0.315909714	0.921607146
1.135	0.316178212	0.92239044
1.136	0.316260611	0.922630822
1.137	0.316213331	0.922492893
1.138	0.316048259	0.922011325
1.139	0.315705165	0.921010413
1.14	0.315323437	0.919896795
1.141	0.314755812	0.918240854
1.142	0.314301054	0.916914185
1.143	0.313792671	0.915431072
1.144	0.313353713	0.914150494
1.145	0.313046454	0.913254125
1.146	0.312887203	0.912789538
1.147	0.312875999	0.912756855
1.148	0.312915915	0.912873302
1.149	0.313155737	0.913572937
1.15	0.313461783	0.914465769
1.151	0.31376119	0.915339233
1.152	0.314121262	0.916389674
1.153	0.314445653	0.917336024
1.154	0.314665116	0.917976267
1.155	0.314734665	0.918179163
1.156	0.314743729	0.918205604
1.157	0.314580314	0.917728873
1.158	0.314274267	0.916836038
1.159	0.313811847	0.915487015
1.16	0.313246793	0.913838575
1.161	0.312481107	0.91160483
1.162	0.311483119	0.908693388
1.163	0.3104094	0.905561017
1.164	0.309139243	0.901855573
1.165	0.30761693	0.89741451
1.166	0.306074635	0.892915154
1.167	0.304425347	0.888103667
1.168	0.302551438	0.882636889
1.169	0.300700172	0.877236171
1.17	0.29884966	0.87183765
1.171	0.296926825	0.86622814
1.172	0.295159942	0.861073591
1.173	0.293365872	0.85583973
1.174	0.291996577	0.851845069
1.175	0.290647615	0.847909727
1.176	0.289779624	0.845377525
1.177	0.289462677	0.844452894
1.178	0.289117569	0.843446105
1.179	0.289028784	0.843187092
1.18	0.289063996	0.843289816
1.181	0.289069401	0.843305584
1.182	0.288962396	0.842993418
1.183	0.288640409	0.842054079
1.184	0.28828263	0.841010329
1.185	0.287718915	0.839365795
1.186	0.286913954	0.837017473
1.187	0.286040879	0.834470443
1.188	0.285024186	0.831504432
1.189	0.283832173	0.828026958
1.19	0.282400703	0.823850914
1.191	0.28069404	0.818872045
1.192	0.278752974	0.81320935
1.193	0.2765686	0.806836849
1.194	0.274094219	0.799618309
1.195	0.271430999	0.791848865
1.196	0.268560308	0.783474165
1.197	0.265432653	0.774349821
1.198	0.262056047	0.764499206
1.199	0.258512794	0.754162432
1.2	0.254502307	0.742462592
1.201	0.250636888	0.731185958
1.202	0.246754206	0.719858965
1.203	0.243459856	0.710248319
1.204	0.240959006	0.702952559
1.205	0.239570418	0.698901615
1.206	0.239893091	0.699842952
1.207	0.241172301	0.703574808
1.208	0.24423958	0.712523017
1.209	0.248320819	0.724429264
1.21	0.252416129	0.73637656
1.211	0.257839363	0.752197824
1.212	0.262054121	0.76449359
1.213	0.266654323	0.777913813
1.214	0.269640054	0.786624119
1.215	0.272099323	0.793798576
1.216	0.273066419	0.796619897
1.217	0.272676779	0.795483194
1.218	0.271399277	0.791756324
1.219	0.268986001	0.784716044
1.22	0.266159991	0.776471691
1.221	0.26310902	0.767571058
1.222	0.260544753	0.760090291
1.223	0.258881153	0.755237051
1.224	0.25799064	0.752639148
1.225	0.259136519	0.755982035
1.226	0.261207893	0.762024877
1.227	0.264410883	0.771368998
1.228	0.268551297	0.783447877
1.229	0.272932726	0.796229872
1.23	0.277529308	0.809639533
1.231	0.281724223	0.821877409
1.232	0.286032389	0.834445674
1.233	0.289918668	0.845783162
1.234	0.293420526	0.855999172
1.235	0.296725793	0.865641667
1.236	0.299858707	0.874781355
1.237	0.302642664	0.882903024
1.238	0.305203627	0.890374154
1.239	0.307484426	0.897027956
1.24	0.309437714	0.902726304
1.241	0.311154082	0.907733485
1.242	0.31256423	0.911847327
1.243	0.313730502	0.915249706
1.244	0.314742497	0.918202012
1.245	0.315598923	0.920700473
1.246	0.3163311	0.922836463
1.247	0.316918848	0.924551104
1.248	0.317427585	0.92603525
1.249	0.31786778	0.927319435
1.25	0.318196447	0.92827826
1.251	0.318436763	0.928979338
1.252	0.318634752	0.929556933
1.253	0.318776915	0.929971667
1.254	0.318856316	0.930203303
1.255	0.318849458	0.930183295
1.256	0.318845978	0.930173144
1.257	0.318813667	0.930078884
1.258	0.318722674	0.929813427
1.259	0.318589079	0.929423691
1.26	0.318441722	0.928993805
1.261	0.318284388	0.92853481
1.262	0.318098599	0.927992806
1.263	0.317881379	0.927359109
1.264	0.317649504	0.926682657
1.265	0.317398577	0.925950624
1.266	0.317095981	0.925067857
1.267	0.316756148	0.92407646
1.268	0.316410389	0.923067772
1.269	0.316029785	0.921957431
1.27	0.315595229	0.920689695
1.271	0.31513401	0.919344177
1.272	0.314656494	0.917951112
1.273	0.314128979	0.916412189
1.274	0.313521209	0.914639132
1.275	0.312882104	0.912774664
1.276	0.31219983	0.910784258
1.277	0.311521918	0.908806577
1.278	0.310789334	0.906669401
1.279	0.310065656	0.904558207
1.28	0.309361422	0.902503737
1.281	0.308698575	0.900570007
1.282	0.308109019	0.898850087
1.283	0.30756974	0.897276842
1.284	0.307105776	0.895923315
1.285	0.306684921	0.894695549
1.286	0.306293147	0.893552621
1.287	0.305939326	0.892520417
1.288	0.305647091	0.891667874
1.289	0.30542064	0.891007246
1.29	0.305182778	0.890313329
1.291	0.30498626	0.889740025
1.292	0.304847566	0.889335411
1.293	0.304705212	0.888920121
1.294	0.30461291	0.888650846
1.295	0.30455402	0.888479047
1.296	0.30449441	0.888305144
1.297	0.304464128	0.888216804
1.298	0.304420203	0.88808866
1.299	0.304393044	0.888009428
1.3	0.304309448	0.887765554
1.301	0.304210529	0.887476977
1.302	0.304067656	0.88706017
1.303	0.303881056	0.886515802
1.304	0.303678477	0.885924814
1.305	0.303454193	0.885270508
1.306	0.303198862	0.884525628
1.307	0.302918749	0.883708451
1.308	0.30259829	0.882773573
1.309	0.302214848	0.881654952
1.31	0.301794109	0.880427526
1.311	0.301366279	0.879179412
1.312	0.300934398	0.877919481
1.313	0.300480913	0.876596523
1.314	0.30003155	0.875285591
1.315	0.29960567	0.874043166
1.316	0.299150686	0.872715837
1.317	0.298707378	0.871422568
1.318	0.298282869	0.870184143
1.319	0.2978212	0.868837311
1.32	0.297316713	0.867365566
1.321	0.296782939	0.865808381
1.322	0.296237944	0.864218461
1.323	0.295633209	0.862454258
1.324	0.294981781	0.860553841
1.325	0.294301455	0.858569117
1.326	0.293594359	0.856506298
1.327	0.292859448	0.854362334
1.328	0.292133433	0.85224432
1.329	0.291351967	0.849964541
1.33	0.290534853	0.847580764
1.331	0.28971019	0.845174966
1.332	0.288811383	0.842552866
1.333	0.287875389	0.839822278
1.334	0.286924639	0.837048644
1.335	0.285941225	0.83417972
1.336	0.284934049	0.831241472
1.337	0.283992712	0.828495301
1.338	0.283143722	0.82601853
1.339	0.282375107	0.823776241
1.34	0.281712545	0.821843342
1.341	0.281123507	0.820124934
1.342	0.280629212	0.81868292
1.343	0.280181566	0.817376999
1.344	0.279784166	0.816217657
1.345	0.279436948	0.815204716
1.346	0.279046174	0.814064706
1.347	0.278647013	0.812900228
1.348	0.278205501	0.8116122
1.349	0.277730767	0.810227252
1.35	0.277209297	0.808705964
1.351	0.276672021	0.807138561
1.352	0.276074792	0.805396258
1.353	0.275396366	0.803417078
1.354	0.274648353	0.80123489
1.355	0.273833048	0.798856392
1.356	0.272842693	0.795967218
1.357	0.271696187	0.792622502
1.358	0.270295724	0.788536913
1.359	0.268600862	0.783592473
1.36	0.266587061	0.777717587
1.361	0.264184643	0.770708985
1.362	0.261584693	0.763124121
1.363	0.258691572	0.754683984
1.364	0.255726594	0.746034218
1.365	0.252785487	0.737454093
1.366	0.249866429	0.72893829
1.367	0.247211305	0.721192465
1.368	0.244618787	0.713629282
1.369	0.242254218	0.706731096
1.37	0.24006732	0.700351235
1.371	0.237864103	0.693923763
1.372	0.235800675	0.6879041
1.373	0.23373846	0.681887975
1.374	0.231798903	0.676229682
1.375	0.230005123	0.670996667
1.376	0.228447139	0.666451541
1.377	0.227050952	0.662378428
1.378	0.225999581	0.659311253
1.379	0.225071731	0.656604425
1.38	0.224390934	0.654618327
1.381	0.223842871	0.653019457
1.382	0.223255629	0.651306288
1.383	0.222657603	0.64956166
1.384	0.221952506	0.647504671
1.385	0.221216282	0.645356878
1.386	0.220386344	0.64293569
1.387	0.219623956	0.640711566
1.388	0.21898277	0.638841028
1.389	0.218470571	0.637346782
1.39	0.218169185	0.636467545
1.391	0.218103054	0.636274621
1.392	0.218346033	0.636983466
1.393	0.218836121	0.638413205
1.394	0.219605215	0.640656893
1.395	0.2204979	0.643261132
1.396	0.22151662	0.646233057
1.397	0.222533613	0.649199944
1.398	0.223418711	0.651782051
1.399	0.224172093	0.653979899
1.4	0.224631696	0.655320704
1.401	0.224847072	0.655949023
1.402	0.224781299	0.655757142
1.403	0.224477062	0.65486959
1.404	0.223965087	0.653375998
1.405	0.223365858	0.651627861
1.406	0.222521555	0.649164765
1.407	0.221742254	0.646891303
1.408	0.220892602	0.644412601
1.409	0.220095432	0.642087009
1.41	0.219316546	0.639814756
1.411	0.218632604	0.637819482
1.412	0.21804378	0.636101701
1.413	0.217533216	0.634612225
1.414	0.217087318	0.633311401
1.415	0.216691422	0.632156449
1.416	0.21630877	0.631040135
1.417	0.215884699	0.629802986
1.418	0.215401542	0.628393468
1.419	0.214827769	0.626719594
1.42	0.214082279	0.624544766
1.421	0.213113512	0.62171857
1.422	0.211905252	0.6181937
1.423	0.210364838	0.613699832
1.424	0.208454434	0.608126588
1.425	0.206154696	0.601417533
1.426	0.20332194	0.593153502
1.427	0.200033022	0.583558703
1.428	0.196104516	0.572098025
1.429	0.191505044	0.55867993
1.43	0.186181051	0.543148182
1.431	0.180068967	0.525317329
1.432	0.173101528	0.504991135
1.433	0.165162742	0.48183122
1.434	0.156756206	0.457306733
1.435	0.147751943	0.431038491
1.436	0.138925974	0.405290387
1.437	0.130545981	0.380843335
1.438	0.123620767	0.360640326
1.439	0.117243235	0.342035076
1.44	0.11309569	0.329935394
1.441	0.110666282	0.322848054
1.442	0.109923579	0.320681357
1.443	0.111391489	0.324963709
1.444	0.113437401	0.330932272
1.445	0.11697719	0.34125894
1.446	0.120913589	0.352742644
1.447	0.125189022	0.365215416
1.448	0.129210774	0.376948121
1.449	0.133181727	0.388532628
1.45	0.136700216	0.398797158
1.451	0.13997486	0.408350315
1.452	0.143043446	0.417302338
1.453	0.145738849	0.425165669
1.454	0.14833896	0.432751005
1.455	0.15059989	0.439346842
1.456	0.152580976	0.445126288
1.457	0.154322409	0.45020659
1.458	0.155643136	0.454059562
1.459	0.156772726	0.457354929
1.46	0.157676451	0.459991377
1.461	0.158575047	0.462612862
1.462	0.159603767	0.465613958
1.463	0.16069355	0.468793195
1.464	0.162161658	0.473076125
1.465	0.163740604	0.477682401
1.466	0.165476664	0.482747031
1.467	0.167224198	0.487845132
1.468	0.168780172	0.492384394
1.469	0.170154288	0.496393117
1.47	0.171077962	0.499087763
1.471	0.171750162	0.501048781
1.472	0.172074001	0.501993519
1.473	0.172152	0.502221067
1.474	0.172118876	0.502124434
1.475	0.171903872	0.5014972
1.476	0.171698816	0.500898987
1.477	0.171379366	0.499967052
1.478	0.170961983	0.498749415
1.479	0.170144001	0.496363106
1.48	0.169319106	0.493956631
1.481	0.167679453	0.489173252
1.482	0.165658503	0.483277512
1.483	0.162718129	0.474699524
1.484	0.158814259	0.463310718
1.485	0.154527936	0.450806176
1.486	0.148888664	0.43435466
1.487	0.143972848	0.420013693
1.488	0.138824401	0.404994069
1.489	0.134262989	0.391687005
1.49	0.130961823	0.382056476
1.491	0.129781333	0.378612617
1.492	0.13036438	0.380313548
1.493	0.133495685	0.389448541
1.494	0.138006617	0.402608338
1.495	0.144056991	0.420259164
1.496	0.150496726	0.43904588
1.497	0.156431217	0.456358639
1.498	0.161563398	0.471330812
1.499	0.164666806	0.480384421
1.5	0.166042674	0.484398257
1.501	0.16505943	0.481529828
1.502	0.162460598	0.473948226
1.503	0.15810715	0.461247858
1.504	0.15306231	0.446530489
1.505	0.147902072	0.431476465
1.506	0.143295634	0.41803805
1.507	0.140302396	0.409305841
1.508	0.138938991	0.405328362
1.509	0.140209517	0.409034885
1.51	0.143376817	0.418274885
1.511	0.148888702	0.434354773
1.512	0.15586868	0.454717544
1.513	0.163763866	0.477750265
1.514	0.172169526	0.502272194
1.515	0.18014888	0.525550461
1.516	0.187618619	0.547342016
1.517	0.193804243	0.565387412
1.518	0.198876196	0.580183879
1.519	0.202531529	0.590847626
1.52	0.205069617	0.59825202
1.521	0.206588333	0.602682589
1.522	0.207596971	0.605625101
1.523	0.20838081	0.607911803
1.524	0.209206192	0.610319699
1.525	0.210700978	0.614680457
1.526	0.212765943	0.620704604
1.527	0.215854736	0.629715576
1.528	0.219609869	0.64067047
1.529	0.22412729	0.653849196
1.53	0.229099928	0.668355931
1.531	0.234182721	0.683184024
1.532	0.239341787	0.698234628
1.533	0.244113686	0.712155745
1.534	0.248385646	0.724618384
1.535	0.252274023	0.735961992
1.536	0.255624653	0.745736825
1.537	0.258349289	0.753685437
1.538	0.260851196	0.760984281
1.539	0.262846823	0.766806146
1.54	0.264831686	0.772596611
1.541	0.266478053	0.777399578
1.542	0.268250115	0.782569235
1.543	0.269937812	0.787492773
1.544	0.271700764	0.792635853
1.545	0.273509214	0.797911666
1.546	0.275285822	0.803094587
1.547	0.277091351	0.808361876
1.548	0.278817816	0.813398513
1.549	0.280446332	0.818149402
1.55	0.281925987	0.822466018
1.551	0.283234402	0.826283072
1.552	0.284309034	0.82941811
1.553	0.285194787	0.832002126
1.554	0.285883863	0.834012376
1.555	0.286416675	0.835566755
1.556	0.286810789	0.836716509
1.557	0.287148213	0.837700881
1.558	0.287464033	0.838622226
1.559	0.287786598	0.839563248
1.56	0.288212262	0.840805044
1.561	0.288758551	0.842398737
1.562	0.289453353	0.844425691
1.563	0.290320255	0.846954714
1.564	0.291399548	0.85010335
1.565	0.292655182	0.853766425
1.566	0.294070365	0.857894957
1.567	0.295581208	0.862302557
1.568	0.297203121	0.867034182
1.569	0.298837211	0.871801332
1.57	0.300384738	0.876315952
1.571	0.301860054	0.880619906
1.572	0.303185143	0.884485607
1.573	0.304344851	0.887868835
1.574	0.305318413	0.890709019
1.575	0.306135703	0.89309331
1.576	0.306785502	0.894988977
1.577	0.307278965	0.896428559
1.578	0.307630032	0.897452734
1.579	0.307942713	0.898364922
1.58	0.30821328	0.89915425
1.581	0.308447425	0.899837324
1.582	0.308758984	0.900746237
1.583	0.309095682	0.90172849
1.584	0.309496224	0.902896996
1.585	0.309924161	0.904145424
1.586	0.310372891	0.905454509
1.587	0.310809956	0.906729561
1.588	0.311176869	0.907799961
1.589	0.311486422	0.908703024
1.59	0.311698136	0.909320662
1.591	0.311815013	0.909661626
1.592	0.311825904	0.909693399
1.593	0.311773167	0.909539548
1.594	0.311653527	0.909190522
1.595	0.311451715	0.908601774
1.596	0.311192012	0.907844139
1.597	0.310890179	0.906963597
1.598	0.310577919	0.90605264
1.599	0.310224532	0.905021698
1.6	0.309843477	0.903910042
1.601	0.309485184	0.902864789
1.602	0.309113712	0.901781091
1.603	0.308750516	0.900721534
1.604	0.308446838	0.899835609
1.605	0.308167366	0.899020303
1.606	0.307913508	0.898279722
1.607	0.307730707	0.897746433
1.608	0.307626265	0.897441744
1.609	0.307582176	0.897313121
1.61	0.307579107	0.897304169
1.611	0.307609415	0.897392587
1.612	0.307683772	0.897609509
1.613	0.307747724	0.897796077
1.614	0.307823246	0.898016397
1.615	0.307941066	0.898360116
1.616	0.308023711	0.898601218
1.617	0.308090392	0.898795747
1.618	0.308155451	0.898985543
1.619	0.308185457	0.899073081
1.62	0.308193597	0.899096826
1.621	0.308210504	0.899146151
1.622	0.308237946	0.899226207
1.623	0.308259778	0.899289898
1.624	0.30826714	0.899311377
1.625	0.308280659	0.899350814
1.626	0.308299723	0.899406429
1.627	0.308304539	0.899420479
1.628	0.30832523	0.899480842
1.629	0.308359271	0.899580151
1.63	0.308390217	0.899670429
1.631	0.308406981	0.899719336
1.632	0.308426666	0.899776763
1.633	0.308469464	0.899901616
1.634	0.30849249	0.899968792
1.635	0.308508663	0.900015974
1.636	0.308538294	0.900102416
1.637	0.308534801	0.900092226
1.638	0.308524139	0.900061121
1.639	0.308540714	0.900109475
1.64	0.308527337	0.900070452
1.641	0.308474343	0.899915851
1.642	0.308412404	0.899735156
1.643	0.308352503	0.899560405
1.644	0.308279072	0.899346185
1.645	0.308183271	0.899066702
1.646	0.308093423	0.898804588
1.647	0.308001287	0.898535799
1.648	0.307893614	0.898221682
1.649	0.307788672	0.897915536
1.65	0.307690109	0.897627996
1.651	0.307583575	0.897317204
1.652	0.30749951	0.897071959
1.653	0.30743481	0.89688321
1.654	0.307334023	0.896589181
1.655	0.30722388	0.896267861
1.656	0.307111779	0.895940828
1.657	0.306981533	0.895560858
1.658	0.306877687	0.895257908
1.659	0.30677772	0.894966274
1.66	0.306635578	0.894551599
1.661	0.306510023	0.894185317
1.662	0.306400095	0.893864624
1.663	0.30627094	0.893487838
1.664	0.306160146	0.893164617
1.665	0.306018136	0.892750328
1.666	0.305867317	0.892310343
1.667	0.305738029	0.891933171
1.668	0.305540265	0.89135623
1.669	0.30529941	0.89065358
1.67	0.305043627	0.889907383
1.671	0.304753199	0.889060113
1.672	0.304457204	0.888196605
1.673	0.304171102	0.887361955
1.674	0.303856107	0.886443017
1.675	0.303507394	0.885425711
1.676	0.303170991	0.884444319
1.677	0.302821026	0.883423362
1.678	0.3024271	0.882274157
1.679	0.302000728	0.881030296
1.68	0.301565673	0.879761107
1.681	0.301130661	0.87849204
1.682	0.300678349	0.877172504
1.683	0.3002013	0.875780806
1.684	0.299661753	0.874206779
1.685	0.299077142	0.872501287
1.686	0.298520892	0.87087853
1.687	0.29797462	0.869284885
1.688	0.297390829	0.867581786
1.689	0.296825619	0.86593289
1.69	0.29625988	0.864282454
1.691	0.295685253	0.862606088
1.692	0.29518142	0.861136249
1.693	0.294702109	0.85973795
1.694	0.294238148	0.85838443
1.695	0.293835098	0.857208607
1.696	0.293472056	0.856149503
1.697	0.293128921	0.855148469
1.698	0.292806218	0.854207044
1.699	0.292474344	0.853238864
1.7	0.292146434	0.852282248
1.701	0.291772205	0.851190505
1.702	0.291387315	0.850067662
1.703	0.290942347	0.848769552
1.704	0.290445656	0.847320548
1.705	0.289937154	0.84583709
1.706	0.289386173	0.844229708
1.707	0.288796346	0.842508998
1.708	0.288171215	0.840685296
1.709	0.28753868	0.838839993
1.71	0.28687683	0.83690917
1.711	0.286183342	0.834886049
1.712	0.285478612	0.832830134
1.713	0.284752774	0.830712638
1.714	0.283988602	0.82848331
1.715	0.28319447	0.82616658
1.716	0.282397517	0.823841618
1.717	0.281538056	0.821334303
1.718	0.280633833	0.818696403
1.719	0.279674418	0.815897489
1.72	0.278681505	0.813000851
1.721	0.277614622	0.809888422
1.722	0.276509686	0.806664978
1.723	0.275254635	0.803003603
1.724	0.273910284	0.799081713
1.725	0.272450484	0.794823021
1.726	0.270878716	0.790237682
1.727	0.269151953	0.785200179
1.728	0.267329891	0.779884654
1.729	0.265336055	0.774068012
1.73	0.263143027	0.767670266
1.731	0.260819291	0.760891204
1.732	0.258327641	0.753622285
1.733	0.255650891	0.74581337
1.734	0.252777326	0.737430285
1.735	0.249678774	0.728390843
1.736	0.246417071	0.718875438
1.737	0.242960883	0.70879266
1.738	0.239273968	0.698036778
1.739	0.235381235	0.686680462
1.74	0.231309031	0.674800572
1.741	0.227066771	0.662424579
1.742	0.222714911	0.649728844
1.743	0.218231534	0.636649438
1.744	0.213689126	0.623397817
1.745	0.209136074	0.610115144
1.746	0.204480115	0.59653226
1.747	0.199840028	0.582995678
1.748	0.195124559	0.569239184
1.749	0.19031119	0.555197086
1.75	0.185441467	0.540990585
1.751	0.180506794	0.526594606
1.752	0.175540969	0.512107745
1.753	0.17038259	0.497059145
1.754	0.165405746	0.48254014
1.755	0.160294878	0.467630144
1.756	0.155617595	0.453985051
1.757	0.151039775	0.440630123
1.758	0.146998382	0.428840118
1.759	0.143304553	0.418064068
1.76	0.140156275	0.40887956
1.761	0.137539255	0.401244896
1.762	0.135288892	0.394679887
1.763	0.133533826	0.389559812
1.764	0.132164015	0.385563644
1.765	0.131185319	0.382708485
1.766	0.13065338	0.381156652
1.767	0.130590723	0.38097386
1.768	0.130929006	0.38196074
1.769	0.131646777	0.3840547
1.77	0.13291275	0.387747939
1.771	0.134700209	0.392962515
1.772	0.136876222	0.399310622
1.773	0.139606823	0.407276636
1.774	0.142596117	0.41599734
1.775	0.146039715	0.426043388
1.776	0.149583291	0.436381104
1.777	0.153521066	0.447868822
1.778	0.157354521	0.459052205
1.779	0.161354079	0.470720165
1.78	0.165189533	0.48190938
1.781	0.169082174	0.493265426
1.782	0.172718139	0.503872672
1.783	0.176164192	0.513925882
1.784	0.179333134	0.523170675
1.785	0.182296098	0.531814565
1.786	0.185023524	0.539771317
1.787	0.187529357	0.547081613
1.788	0.189714193	0.553455459
1.789	0.191856327	0.559704733
1.79	0.19374486	0.565214172
1.791	0.195658989	0.570798284
1.792	0.197507171	0.576190007
1.793	0.199373394	0.581634361
1.794	0.201205767	0.586979966
1.795	0.203041256	0.592334659
1.796	0.204926615	0.59783484
1.797	0.206724649	0.603080265
1.798	0.208527101	0.60833858
1.799	0.210179965	0.6131605
1.8	0.211773046	0.617808012
1.801	0.213187174	0.621933464
1.802	0.214464416	0.625659578
1.803	0.215577644	0.62890721
1.804	0.216495572	0.631585093
1.805	0.217361106	0.634110127
1.806	0.218060983	0.636151886
1.807	0.218750198	0.638162541
1.808	0.219376687	0.639990204
1.809	0.219946667	0.641653014
1.81	0.220456986	0.643141775
1.811	0.220885061	0.644390602
1.812	0.221225791	0.645384618
1.813	0.221513614	0.646224288
1.814	0.221765581	0.646959353
1.815	0.221989299	0.647612009
1.816	0.222136012	0.648040016
1.817	0.222189901	0.648197229
1.818	0.22215322	0.648090218
1.819	0.222008518	0.647668077
1.82	0.221905068	0.647366281
1.821	0.221768503	0.646967877
1.822	0.221652805	0.646630352
1.823	0.221569403	0.646387041
1.824	0.221448026	0.646032946
1.825	0.221287358	0.645564228
1.826	0.221181471	0.645255322
1.827	0.221053166	0.644881018
1.828	0.221026083	0.644802008
1.829	0.221084908	0.644973619
1.83	0.221143906	0.645145734
1.831	0.220838578	0.644254996
1.832	0.220926667	0.64451198
1.833	0.221054278	0.644884261
1.834	0.221229522	0.645395503
1.835	0.22144049	0.646010963
1.836	0.221674613	0.646693971
1.837	0.221917113	0.64740142
1.838	0.22210371	0.64794578
1.839	0.222271128	0.648434193
1.84	0.222428992	0.64889473
1.841	0.222536929	0.649209615
1.842	0.222655921	0.649556753
1.843	0.222809852	0.650005817
1.844	0.222913291	0.650307583
1.845	0.222969248	0.650470827
1.846	0.223043748	0.650688166
1.847	0.223163458	0.651037397
1.848	0.223288023	0.651400791
1.849	0.223460615	0.651904296
1.85	0.223703629	0.652613245
1.851	0.224032997	0.653574115
1.852	0.224380176	0.654586943
1.853	0.224764342	0.655707674
1.854	0.225207096	0.656999327
1.855	0.225619532	0.65820253
1.856	0.226030799	0.659402325
1.857	0.226398697	0.660475598
1.858	0.226779986	0.661587937
1.859	0.227119247	0.662577666
1.86	0.227335088	0.663207341
1.861	0.227501813	0.663693732
1.862	0.22757404	0.663904441
1.863	0.227614874	0.664023564
1.864	0.227676547	0.664203485
1.865	0.227791024	0.664537449
1.866	0.228045191	0.665278935
1.867	0.228406812	0.666333895
1.868	0.228858804	0.667652497
1.869	0.229436634	0.669338208
1.87	0.2299661	0.670882824
1.871	0.230407481	0.67217047
1.872	0.230705275	0.673039229
1.873	0.230720158	0.673082648
1.874	0.230470056	0.672353021
1.875	0.229891821	0.67066613
1.876	0.22910076	0.668358359
1.877	0.228146891	0.665575625
1.878	0.226942901	0.662063211
1.879	0.225644724	0.658276023
1.88	0.224282252	0.654301268
1.881	0.222782534	0.649926122
1.882	0.221197059	0.645300796
1.883	0.219493873	0.640332073
1.884	0.217720006	0.63515715
1.885	0.215773085	0.629477374
1.886	0.213652825	0.623291914
1.887	0.211362442	0.616610154
1.888	0.208827163	0.609213954
1.889	0.20604049	0.601084359
1.89	0.203015544	0.59225965
1.891	0.199724547	0.582658783
1.892	0.196217691	0.572428193
1.893	0.192538083	0.561693628
1.894	0.188708976	0.550522928
1.895	0.184737504	0.538936907
1.896	0.180762564	0.527340767
1.897	0.176793998	0.515763224
1.898	0.172879843	0.50434441
1.899	0.169181283	0.493554557
1.9	0.165699026	0.483395729
1.901	0.162516567	0.474111503
1.902	0.159572865	0.465523807
1.903	0.156936774	0.457833509
1.904	0.154637089	0.451124611
1.905	0.15263073	0.445271436
1.906	0.150862432	0.440112758
1.907	0.149387705	0.435810521
1.908	0.148107921	0.43207699
1.909	0.146995446	0.428831554
1.91	0.146071457	0.426135989
1.911	0.14528214	0.423833306
1.912	0.144634318	0.421943408
1.913	0.14401749	0.420143928
1.914	0.143521104	0.418695815
1.915	0.143033423	0.417273097
1.916	0.142523032	0.415784127
1.917	0.141919699	0.414024018
1.918	0.141216007	0.411971128
1.919	0.140423951	0.409660454
1.92	0.139545483	0.407097689
1.921	0.138542969	0.404173044
1.922	0.137394962	0.400823948
1.923	0.136111345	0.397079238
1.924	0.134636511	0.392776687
1.925	0.132921827	0.38777442
1.926	0.13104449	0.382297641
1.927	0.128994538	0.376317293
1.928	0.126781914	0.369862377
1.929	0.124338248	0.362733442
1.93	0.121727528	0.355117159
1.931	0.118972585	0.347080129
1.932	0.116028696	0.338491888
1.933	0.112930474	0.329453409
1.934	0.109696776	0.320019703
1.935	0.106329696	0.310196881
1.936	0.102882902	0.300141507
1.937	0.099430384	0.290069437
1.938	0.095876878	0.279702751
1.939	0.092391931	0.269536072
1.94	0.088912481	0.259385434
1.941	0.085438505	0.249250762
1.942	0.081973531	0.239142351
1.943	0.078548353	0.229150041
1.944	0.075180307	0.2193244
1.945	0.071925701	0.2098297
1.946	0.068781766	0.200657859
1.947	0.065781798	0.191906017
1.948	0.062903958	0.183510462
1.949	0.060086985	0.175292473
1.95	0.057460584	0.16763044
1.951	0.054798175	0.159863365
1.952	0.052601566	0.153455171
1.953	0.050609921	0.147644921
1.954	0.049018288	0.143001631
1.955	0.047952023	0.139891005
1.956	0.047547976	0.138712273
1.957	0.047651755	0.139015028
1.958	0.048362643	0.141088912
1.959	0.049340001	0.143940169
1.96	0.050439788	0.147148591
1.961	0.051439627	0.150065432
1.962	0.052105887	0.152009121
1.963	0.052153752	0.152148759
1.964	0.051861515	0.151296212
1.965	0.050844131	0.148328184
1.966	0.049033752	0.143046744
1.967	0.047005333	0.137129213
1.968	0.044357374	0.129404293
1.969	0.041489105	0.121036656
1.97	0.038683708	0.11285244
1.971	0.036165846	0.105507052
1.972	0.034292485	0.100041871
1.973	0.033375201	0.097365869
1.974	0.033488889	0.097697531
1.975	0.034867784	0.101720198
1.976	0.037400971	0.109110295
1.977	0.041152541	0.120054795
1.978	0.045383062	0.132396544
1.979	0.051043772	0.1489106
1.98	0.056242259	0.164076207
1.981	0.061972146	0.180792074
1.982	0.067438498	0.196739128
1.983	0.072512342	0.211541114
1.984	0.076960421	0.224517547
1.985	0.080840743	0.235837655
1.986	0.083975448	0.244982569
1.987	0.08663785	0.252749626
1.988	0.0889553	0.259510348
1.989	0.091085448	0.265724655
1.99	0.093287356	0.272148306
1.991	0.095845785	0.279612044
1.992	0.098483101	0.287305915
1.993	0.101588771	0.296366123
1.994	0.105187874	0.306865828
1.995	0.108805108	0.317418429
1.996	0.11276075	0.32895827
1.997	0.116673873	0.340374071
1.998	0.120469103	0.351445939
1.999	0.123980674	0.361690289
2	0.127190959	0.371055691
2.001	0.129985309	0.379207681
2.002	0.132463216	0.386436508
2.003	0.13463512	0.392772629
2.004	0.136526375	0.398290011
2.005	0.138224272	0.403243303
2.006	0.139831408	0.40793182
2.007	0.141233185	0.412021242
2.008	0.142629928	0.416095977
2.009	0.14390163	0.419805928
2.01	0.145162464	0.423484175
2.011	0.146377546	0.427028946
2.012	0.147506132	0.430321385
2.013	0.148639759	0.433628527
2.014	0.149815388	0.437058205
2.015	0.151010711	0.440545333
2.016	0.152270971	0.444221905
2.017	0.153596829	0.448089847
2.018	0.154934301	0.451991671
2.019	0.156274924	0.455902684
2.02	0.157650799	0.45991654
2.021	0.158965937	0.463753211
2.022	0.160274402	0.467570409
2.023	0.161479698	0.471086635
2.024	0.162686427	0.474607038
2.025	0.163731011	0.477654415
2.026	0.164596091	0.480178124
2.027	0.165476537	0.482746659
2.028	0.166269006	0.485058537
2.029	0.16699071	0.487163974
2.03	0.167807944	0.489548102
2.031	0.168771451	0.492358951
2.032	0.169947013	0.495788431
2.033	0.171471359	0.500235425
2.034	0.173294451	0.505553952
2.035	0.175478675	0.511926014
2.036	0.177985568	0.519239404
2.037	0.180770019	0.527362515
2.038	0.1835961	0.535607074
2.039	0.186792231	0.544931185
2.04	0.189697163	0.553405779
2.041	0.192688382	0.562132098
2.042	0.195373645	0.569965846
2.043	0.197921343	0.577398277
2.044	0.200256143	0.584209615
2.045	0.202396172	0.590452747
2.046	0.204325768	0.596081982
2.047	0.206117802	0.601309902
2.048	0.207760367	0.606101778
2.049	0.209203487	0.610311808
2.05	0.21056869	0.614294532
2.051	0.211790963	0.617860282
2.052	0.21286268	0.620986815
2.053	0.213912404	0.624049188
2.054	0.214861904	0.626819176
2.055	0.215743852	0.629392093
2.056	0.216547263	0.631735892
2.057	0.217295021	0.633917337
2.058	0.217974142	0.635898543
2.059	0.218585474	0.63768199
2.06	0.219104751	0.639196882
2.061	0.219585955	0.640600705
2.062	0.220017764	0.641860426
2.063	0.220370116	0.642888346
2.064	0.220665489	0.643750044
2.065	0.220940542	0.644552457
2.066	0.221144909	0.645148659
2.067	0.221317401	0.645651873
2.068	0.221479624	0.646125128
2.069	0.221590037	0.646447238
2.07	0.221686671	0.646729148
2.071	0.221769387	0.646970457
2.072	0.221800619	0.64706157
2.073	0.221779001	0.646998503
2.074	0.221770611	0.646974027
2.075	0.221719823	0.646825865
2.076	0.221684263	0.646722125
2.077	0.221698233	0.646762878
2.078	0.22163034	0.646564812
2.079	0.22151691	0.646233902
2.08	0.221385462	0.645850427
2.081	0.221219473	0.645366186
2.082	0.221003743	0.644736834
2.083	0.220777401	0.644076525
2.084	0.220537541	0.643376778
2.085	0.220215457	0.642437159
2.086	0.219855497	0.641387043
2.087	0.219473297	0.640272046
2.088	0.219021888	0.638955147
2.089	0.218512421	0.637468872
2.09	0.217986782	0.635935417
2.091	0.217492015	0.634492028
2.092	0.216980408	0.632999513
2.093	0.216483622	0.631550231
2.094	0.216027644	0.630220001
2.095	0.215552407	0.628833587
2.096	0.215071149	0.627429609
2.097	0.214568918	0.625964445
2.098	0.214103707	0.624607278
2.099	0.213547646	0.622985076
2.1	0.212938799	0.621208877
2.101	0.212300406	0.619346485
2.102	0.211588738	0.617270329
2.103	0.210803622	0.614979901
2.104	0.209966157	0.612536755
2.105	0.2090715	0.609926762
2.106	0.208140889	0.60721188
2.107	0.207142664	0.604299745
2.108	0.206103283	0.601267545
2.109	0.205056947	0.598215059
2.11	0.203940557	0.594958199
2.111	0.202790838	0.591604111
2.112	0.201616994	0.588179641
2.113	0.200407518	0.584651224
2.114	0.199153924	0.580994099
2.115	0.197865239	0.577234603
2.116	0.196556888	0.573417736
2.117	0.195186448	0.569419733
2.118	0.19384402	0.565503454
2.119	0.192504978	0.561597049
2.12	0.191142411	0.557622016
2.121	0.189770533	0.553619823
2.122	0.188384507	0.549576352
2.123	0.18701353	0.545576783
2.124	0.185647919	0.54159287
2.125	0.184318473	0.537714463
2.126	0.183073504	0.5340825
2.127	0.181810158	0.530396927
2.128	0.180561941	0.526755488
2.129	0.179398515	0.523361411
2.13	0.178226478	0.519942212
2.131	0.177062367	0.516546139
2.132	0.175941111	0.513275086
2.133	0.174851741	0.510097054
2.134	0.173754491	0.506896033
2.135	0.172734469	0.503920309
2.136	0.171803958	0.501205721
2.137	0.170861973	0.498457654
2.138	0.169942952	0.495776584
2.139	0.169044268	0.493154842
2.14	0.168144566	0.490530133
2.141	0.167302957	0.488074897
2.142	0.166486703	0.485693629
2.143	0.165738853	0.483511916
2.144	0.165046664	0.481492586
2.145	0.164410868	0.47963777
2.146	0.163809776	0.477884197
2.147	0.163236381	0.476211425
2.148	0.162718127	0.474699517
2.149	0.162202556	0.473195435
2.15	0.161697505	0.471722043
2.151	0.161291392	0.470537288
2.152	0.160953575	0.469551768
2.153	0.160616298	0.468567826
2.154	0.160312166	0.46768058
2.155	0.160038396	0.466881907
2.156	0.159732168	0.465988543
2.157	0.159416346	0.465067192
2.158	0.159115524	0.464189602
2.159	0.158853368	0.463424809
2.16	0.158541427	0.46251478
2.161	0.158216524	0.461566938
2.162	0.157868586	0.460551895
2.163	0.157478234	0.459413114
2.164	0.157094109	0.458292503
2.165	0.156658573	0.457021908
2.166	0.156307963	0.455999069
2.167	0.155993196	0.455080798
2.168	0.155711703	0.454259595
2.169	0.155494725	0.4536266
2.17	0.155252884	0.452921076
2.171	0.155050072	0.45232941
2.172	0.154886773	0.451853016
2.173	0.154763097	0.451492215
2.174	0.154705758	0.451324939
2.175	0.154648778	0.45115871
2.176	0.15459245	0.450994383
2.177	0.15456048	0.450901118
2.178	0.154488314	0.450690586
2.179	0.154386004	0.450392117
2.18	0.154267653	0.45004685
2.181	0.154053804	0.449422986
2.182	0.153810636	0.44871359
2.183	0.15360215	0.44810537
2.184	0.153340416	0.44734181
2.185	0.153024364	0.446419786
2.186	0.152695442	0.445460219
2.187	0.152293716	0.44428826
2.188	0.151821905	0.442911839
2.189	0.151284037	0.441342712
2.19	0.150672918	0.439559887
2.191	0.150050375	0.437743736
2.192	0.149362414	0.435736737
2.193	0.148663819	0.43369872
2.194	0.147966573	0.431664633
2.195	0.147199123	0.429425743
2.196	0.14633963	0.426918334
2.197	0.145505194	0.424484024
2.198	0.144641846	0.421965368
2.199	0.143785641	0.419467553
2.2	0.142921703	0.416947175
2.201	0.142078477	0.414487223
2.202	0.141243582	0.412051574
2.203	0.140404969	0.409605077
2.204	0.139592978	0.407236248
2.205	0.13879234	0.404900536
2.206	0.138003542	0.402599367
2.207	0.137262575	0.400437734
2.208	0.136566474	0.39840699
2.209	0.135957725	0.39663108
2.21	0.135400361	0.395005077
2.211	0.134864796	0.393442666
2.212	0.134380806	0.392030716
2.213	0.133878722	0.390565979
2.214	0.133389084	0.389137552
2.215	0.13297141	0.387919067
2.216	0.132643056	0.386961157
2.217	0.132409197	0.386278918
2.218	0.132176762	0.385600831
2.219	0.132023075	0.38515248
2.22	0.131839533	0.384617031
2.221	0.13163564	0.384022209
2.222	0.131478148	0.383562756
2.223	0.131352372	0.383195828
2.224	0.131254156	0.382909301
2.225	0.131199419	0.382749619
2.226	0.131137136	0.382567918
2.227	0.131097112	0.382451155
2.228	0.131055583	0.382330002
2.229	0.131006797	0.382187679
2.23	0.130968327	0.38207545
2.231	0.130952402	0.382028991
2.232	0.13092998	0.381963579
2.233	0.130909513	0.381903872
2.234	0.130882164	0.381824085
2.235	0.130873636	0.381799207
2.236	0.130830452	0.381673225
2.237	0.130763127	0.381476817
2.238	0.130692248	0.381270041
2.239	0.130604244	0.381013308
2.24	0.130485033	0.380665532
2.241	0.130369422	0.380328257
2.242	0.13032004	0.380184195
2.243	0.130242632	0.379958372
2.244	0.130139215	0.379656672
2.245	0.130079194	0.379481573
2.246	0.129978586	0.379188068
2.247	0.129861071	0.378845238
2.248	0.129794831	0.378651997
2.249	0.12972758	0.378455804
2.25	0.129666397	0.378277314
2.251	0.129620757	0.378144169
2.252	0.129576037	0.378013706
2.253	0.129525849	0.377867293
2.254	0.129407728	0.377522695
2.255	0.129265913	0.377108977
2.256	0.12915701	0.376791275
2.257	0.129036055	0.376438411
2.258	0.128927064	0.376120449
2.259	0.128839512	0.375865034
2.26	0.128742663	0.375582495
2.261	0.128617185	0.375216435
2.262	0.12845724	0.374749826
2.263	0.12829273	0.374269899
2.264	0.128113798	0.373747899
2.265	0.12792468	0.373196181
2.266	0.127719052	0.372596301
2.267	0.127524053	0.37202743
2.268	0.127326183	0.371450181
2.269	0.127106044	0.370807965
2.27	0.126888601	0.370173616
2.271	0.126642498	0.369455659
2.272	0.126375165	0.368675764
2.273	0.126095216	0.367859065
2.274	0.12578476	0.366953369
2.275	0.125478318	0.366059381
2.276	0.125162871	0.365139125
2.277	0.124843605	0.364207728
2.278	0.124531446	0.36329706
2.279	0.124188964	0.362297935
2.28	0.123824163	0.361233697
2.281	0.123409469	0.360023904
2.282	0.122987523	0.358792956
2.283	0.1225947	0.35764697
2.284	0.122179951	0.356437018
2.285	0.121811148	0.355361102
2.286	0.121439853	0.354277921
2.287	0.120955682	0.352865441
2.288	0.120456934	0.351410438
2.289	0.119972163	0.34999621
2.29	0.119456649	0.348492295
2.291	0.118979827	0.347101258
2.292	0.11853264	0.345796674
2.293	0.118038585	0.34435536
2.294	0.117505026	0.342798804
2.295	0.116966879	0.341228861
2.296	0.116447845	0.339714676
2.297	0.115913999	0.338157281
2.298	0.115416221	0.336705106
2.299	0.115000122	0.335491216
2.3	0.114549471	0.334176528
2.301	0.114066235	0.332766777
2.302	0.113590378	0.331378554
2.303	0.113094878	0.329933027
2.304	0.112608458	0.328513987
2.305	0.112177753	0.327257488
2.306	0.111807238	0.326176577
2.307	0.111485684	0.325238504
2.308	0.111230403	0.32449377
2.309	0.111019436	0.323878315
2.31	0.110787692	0.323202246
2.311	0.110532447	0.322457617
2.312	0.110346492	0.321915128
2.313	0.110212017	0.321522821
2.314	0.11013377	0.32129455
2.315	0.110141928	0.321318349
2.316	0.110132755	0.32129159
2.317	0.110160935	0.3213738
2.318	0.110223253	0.321555601
2.319	0.11027256	0.321699445
2.32	0.110334736	0.32188083
2.321	0.110393007	0.322050825
2.322	0.11049958	0.322361733
2.323	0.110628903	0.322739008
2.324	0.110785965	0.323197208
2.325	0.110966064	0.323722612
2.326	0.111125951	0.324189052
2.327	0.111300823	0.324699209
2.328	0.111432344	0.325082895
2.329	0.111552033	0.325432065
2.33	0.111743522	0.3259907
2.331	0.111927638	0.326527824
2.332	0.112163293	0.327215303
2.333	0.112485975	0.328156666
2.334	0.112730877	0.328871121
2.335	0.112937115	0.329472783
2.336	0.113210191	0.33026943
2.337	0.113456181	0.330987059
2.338	0.11365898	0.331578688
2.339	0.113939165	0.332396073
2.34	0.114247469	0.333295492
2.341	0.114578258	0.334260508
2.342	0.114940372	0.335316909
2.343	0.115176339	0.336005298
2.344	0.115381414	0.336603565
2.345	0.115581382	0.337186932
2.346	0.115748008	0.337673032
2.347	0.116083043	0.338650436
2.348	0.116450842	0.339723419
2.349	0.116744314	0.340579568
2.35	0.117014956	0.341369115
2.351	0.117149131	0.341760546
2.352	0.117235982	0.342013918
2.353	0.117312772	0.342237937
2.354	0.117450617	0.342640075
2.355	0.117740196	0.343484867
2.356	0.117956566	0.344116086
2.357	0.118078127	0.344470717
2.358	0.118181397	0.344771987
2.359	0.118195522	0.344813195
2.36	0.118114561	0.344577005
2.361	0.118041016	0.344362452
2.362	0.117973303	0.344164912
2.363	0.117864129	0.343846419
2.364	0.117819357	0.343715804
2.365	0.117791838	0.343635524
2.366	0.117622274	0.343140852
2.367	0.117343299	0.342326994
2.368	0.11706911	0.341527099
2.369	0.116797352	0.340734298
2.37	0.116547271	0.340004732
2.371	0.116310849	0.339315018
2.372	0.116012796	0.338445503
2.373	0.115721084	0.337594489
2.374	0.115360412	0.336542294
2.375	0.114880495	0.335142228
2.376	0.114429621	0.333826889
2.377	0.113908072	0.332305367
2.378	0.11332245	0.330596923
2.379	0.112842099	0.329195591
2.38	0.112384012	0.327859208
2.381	0.111854963	0.326315807
2.382	0.111328698	0.324780527
2.383	0.110714014	0.322987302
2.384	0.109957159	0.320779322
2.385	0.109283878	0.318815149
2.386	0.108595639	0.316807341
2.387	0.107934176	0.314877648
2.388	0.107394132	0.313302173
2.389	0.106673942	0.311201154
2.39	0.105873663	0.308866491
2.391	0.105037964	0.306428494
2.392	0.104081697	0.303638767
2.393	0.10316391	0.300961295
2.394	0.102308271	0.29846513
2.395	0.101544351	0.296236537
2.396	0.10074351	0.293900234
2.397	0.099892677	0.291418089
2.398	0.099124506	0.289177093
2.399	0.098207067	0.286500639
2.4	0.097255989	0.283726048
2.401	0.096386257	0.281188768
2.402	0.095437437	0.278420763
2.403	0.094548356	0.275827037
2.404	0.093622026	0.273124645
2.405	0.092642059	0.270265774
2.406	0.09157701	0.267158695
2.407	0.090325606	0.263507961
2.408	0.089140562	0.260050818
2.409	0.08793014	0.256519639
2.41	0.086517738	0.252399221
2.411	0.085143725	0.248390797
2.412	0.083783433	0.244422402
2.413	0.082246664	0.239939168
2.414	0.08074623	0.235561933
2.415	0.079172274	0.230970211
2.416	0.07745156	0.225950351
2.417	0.075750508	0.220987854
2.418	0.074044756	0.216011642
2.419	0.072420569	0.211273383
2.42	0.070706477	0.206272843
2.421	0.068998446	0.201289982
2.422	0.067354873	0.196495168
2.423	0.065474908	0.191010725
2.424	0.063765805	0.186024738
2.425	0.062118157	0.181218033
2.426	0.060223617	0.17569107
2.427	0.058681924	0.17119347
2.428	0.057178476	0.166807446
2.429	0.055404081	0.16163098
2.43	0.053818377	0.157004988
2.431	0.052185825	0.152242324
2.432	0.050461069	0.147210673
2.433	0.048943434	0.142783258
2.434	0.047428272	0.13836306
2.435	0.045872634	0.133824779
2.436	0.044440955	0.129648123
2.437	0.043184009	0.125981221
2.438	0.041772286	0.121862784
2.439	0.040349188	0.117711162
2.44	0.039011062	0.113807432
2.441	0.037484459	0.109353856
2.442	0.036289943	0.105869081
2.443	0.035385771	0.103231328
2.444	0.034442707	0.100480117
2.445	0.033617742	0.098073437
2.446	0.032889745	0.095949643
2.447	0.032203199	0.093946773
2.448	0.031669964	0.092391161
2.449	0.031206163	0.09103811
2.45	0.03109557	0.090715474
2.451	0.031077298	0.09066217
2.452	0.031148415	0.090869639
2.453	0.031452813	0.091757663
2.454	0.031643991	0.09231539
2.455	0.031901061	0.093065344
2.456	0.032307012	0.094249628
2.457	0.032611662	0.095138389
2.458	0.033112431	0.096599286
2.459	0.033661605	0.098201399
2.46	0.034167495	0.099677239
2.461	0.034781604	0.101468786
2.462	0.035016125	0.102152955
2.463	0.03507901	0.10233641
2.464	0.035121873	0.102461457
2.465	0.035053999	0.102263447
2.466	0.035229317	0.102774904
2.467	0.03538336	0.103224294
2.468	0.035494319	0.103547998
2.469	0.035648538	0.103997902
2.47	0.035621896	0.103920178
2.471	0.035825382	0.10451381
2.472	0.036166856	0.105509998
2.473	0.036589102	0.106741819
2.474	0.037314395	0.108857726
2.475	0.037893381	0.110546807
2.476	0.038383426	0.111976424
2.477	0.038904054	0.113495256
2.478	0.039478919	0.115172318
2.479	0.040014983	0.116736183
2.48	0.040436132	0.117964806
2.481	0.040955982	0.11948137
2.482	0.041469679	0.120979984
2.483	0.041911138	0.122267858
2.484	0.042579876	0.124218777
2.485	0.043007658	0.125466749
2.486	0.043169522	0.125938956
2.487	0.043481154	0.126848086
2.488	0.043541046	0.127022809
2.489	0.044041352	0.128482357
2.49	0.044867135	0.130891423
2.491	0.04560258	0.133036946
2.492	0.046734096	0.136337932
2.493	0.047305501	0.138004898
2.494	0.047767012	0.139351268
2.495	0.048113947	0.140363386
2.496	0.048333583	0.141004134
2.497	0.049354125	0.143981373
2.498	0.050340302	0.146858358
2.499	0.051318489	0.149712034
2.5	0.052488896	0.153126477
