FeSO4 brine, frozen & cushed NIR reflectance spectra at at 77K digitized from Brown & Hand (2013)
Grain size b/w <63 um - 600 um (unclear which grain size bin is plotted)
Digitized 2/28/2021 by Ryleigh Davis
Wavelength (um)          Relative Reflectance (1 at 1.8 um)
1.402908626560726235e+00 1.067496847936515225e+00
1.411383844116534059e+00 1.066570257095866170e+00
1.421977866061293838e+00 1.061010712051968730e+00
1.430453083617101662e+00 1.055451167008071289e+00
1.438928301172909485e+00 1.052671394486122791e+00
1.447403518728717087e+00 1.052671394486122791e+00
1.455878736284524910e+00 1.052671394486122791e+00
1.464353953840332734e+00 1.052671394486122791e+00
1.472829171396140557e+00 1.052671394486122791e+00
1.481304388951948381e+00 1.052671394486122791e+00
1.489779606507756204e+00 1.052671394486122791e+00
1.498254824063563806e+00 1.052671394486122791e+00
1.506730041619371629e+00 1.052671394486122791e+00
1.515205259175179453e+00 1.052671394486122791e+00
1.523680476730987277e+00 1.052671394486122791e+00
1.532155694286795100e+00 1.055451167008071289e+00
1.540630911842602924e+00 1.056377757848721233e+00
1.549106129398410747e+00 1.056377757848721233e+00
1.557581346954218571e+00 1.056377757848721233e+00
1.566056564510026394e+00 1.056377757848721233e+00
1.574531782065833996e+00 1.056377757848721233e+00
1.583006999621641819e+00 1.056377757848721233e+00
1.591482217177449643e+00 1.056377757848721233e+00
1.599957434733257466e+00 1.056377757848721233e+00
1.608432652289065290e+00 1.054524576167421790e+00
1.616907869844872891e+00 1.052671394486122791e+00
1.625383087400680715e+00 1.052671394486122791e+00
1.635977109345440494e+00 1.048965031123524794e+00
1.644452326901248318e+00 1.048965031123524794e+00
1.652927544457056142e+00 1.047111849442225351e+00
1.661402762012863965e+00 1.045258667760926352e+00
1.669877979568671789e+00 1.044332076920276853e+00
1.678353197124479390e+00 1.041552304398328355e+00
1.686828414680287214e+00 1.040625713557678855e+00
1.695303632236095037e+00 1.037845941035730357e+00
1.703778849791902861e+00 1.035992759354431358e+00
1.712254067347710684e+00 1.033212986832482416e+00
1.720729284903518508e+00 1.030433214310533918e+00
1.729204502459326331e+00 1.026726850947935477e+00
1.737679720015134155e+00 1.023947078425986978e+00
1.746154937570941978e+00 1.020240715063388981e+00
1.754630155126749802e+00 1.016534351700790539e+00
1.763105372682557404e+00 1.013754579178842041e+00
1.771580590238365227e+00 1.010974806656893543e+00
1.780055807794173051e+00 1.008195034134945045e+00
1.788531025349980652e+00 1.004488670772346603e+00
1.797006242905788476e+00 1.001708898250398105e+00
1.805481460461596299e+00 9.998557165690991066e-01
1.813956678017404123e+00 9.970759440471506085e-01
1.822431895573211946e+00 9.942961715252016663e-01
1.830907113129019770e+00 9.933695806845521670e-01
1.839382330684827593e+00 9.905898081626036689e-01
1.847857548240635417e+00 9.887366264813046701e-01
1.856332765796443240e+00 9.850302631187062286e-01
1.864807983352251064e+00 9.808606043357832593e-01
1.873283200908058888e+00 9.766909455528607342e-01
1.881758418463866489e+00 9.688149234073393234e-01
1.890233636019674313e+00 9.590857195805193580e-01
1.897649451381006269e+00 9.488932203333744209e-01
1.904005864547861915e+00 9.359209485642809856e-01
1.910362277714717782e+00 9.198600406596886270e-01
1.915659288687097561e+00 9.062700416634952294e-01
1.920956299659477562e+00 8.902091337589033149e-01
1.927312712826333430e+00 8.722950441730124016e-01
1.934728528187665386e+00 8.571607271090699864e-01
1.943203745743472988e+00 8.492847049635490198e-01
1.951678963299280811e+00 8.488214095432240480e-01
1.960154180855088635e+00 8.516011820651725461e-01
1.968629398410896236e+00 8.562341362684204871e-01
1.977104615966704060e+00 8.599404996310184845e-01
1.985579833522511883e+00 8.645734538342664255e-01
1.994055051078319707e+00 8.682798171968644230e-01
2.002530268634127530e+00 8.729127714001119198e-01
2.010652352125109843e+00 8.760014075356103991e-01
2.019480703745743178e+00 8.784723164440093601e-01
2.027955921301551001e+00 8.784723164440093601e-01
2.036431138857358825e+00 8.766191347627103614e-01
2.044906356413166648e+00 8.738393622407614192e-01
2.053381573968974472e+00 8.692064080375139223e-01
2.061856791524782295e+00 8.664266355155654242e-01
2.078807226636397942e+00 8.636468629936164820e-01
2.087282444192205766e+00 8.645734538342664255e-01
2.095757661748013145e+00 8.682798171968644230e-01
2.104232879303820969e+00 8.738393622407614192e-01
2.112708096859628792e+00 8.840318614879063563e-01
2.121183314415436616e+00 8.965408378366752640e-01
2.129658531971244440e+00 9.095131096057686992e-01
2.138133749527052263e+00 9.192423134325891088e-01
2.146608967082860087e+00 9.266550401577851037e-01
2.154024782444191821e+00 9.303614035203835453e-01
2.163559402194475734e+00 9.340677668829815428e-01
2.172034619750283557e+00 9.340677668829815428e-01
2.180509837306090937e+00 9.340677668829815428e-01
2.188985054861898760e+00 9.322145852016825440e-01
2.197460272417706584e+00 9.303614035203835453e-01
2.205935489973514407e+00 9.303614035203835453e-01
2.214410707529322231e+00 9.331411760423320434e-01
2.222885925085130054e+00 9.340677668829815428e-01
2.231361142640937878e+00 9.340677668829815428e-01
2.239836360196745702e+00 9.359209485642809856e-01
2.248311577752553525e+00 9.377741302455799843e-01
2.256786795308361349e+00 9.405539027675284824e-01
2.265262012864169172e+00 9.414804936081779818e-01
2.273737230419976996e+00 9.451868569707759793e-01
2.282212447975784819e+00 9.451868569707759793e-01
2.290687665531592643e+00 9.451868569707759793e-01
2.299162883087400466e+00 9.451868569707759793e-01
2.307284966578382779e+00 9.439514025165769429e-01
2.316113318199016113e+00 9.414804936081779818e-01
2.324588535754823937e+00 9.387007210862294837e-01
2.333063753310631760e+00 9.349943577236310421e-01
2.341538970866439584e+00 9.289715172594090742e-01
2.350014188422246963e+00 9.215587905342126351e-01
2.358489405978054787e+00 9.113662912870676980e-01
2.366964623533862611e+00 8.988573149382992344e-01
2.375439841089670434e+00 8.840318614879063563e-01
2.382855656451002169e+00 8.704418624917134029e-01
2.389212069617857814e+00 8.574695907226195235e-01
2.396627884979189993e+00 8.437251599196515794e-01
2.405103102534997817e+00 8.349225469334806693e-01
2.413578320090805640e+00 8.339959560928316140e-01
2.422053537646613464e+00 8.377023194554296115e-01
2.430528755202421287e+00 8.414086828180276090e-01
2.439003972758229111e+00 8.441884553399765512e-01
2.447479190314036934e+00 8.451150461806256065e-01
2.455954407869844758e+00 8.451150461806256065e-01
2.464429625425652581e+00 8.441884553399765512e-01
2.472904842981459961e+00 8.414086828180276090e-01
2.481380060537267784e+00 8.363124331944551404e-01
2.489855278093075608e+00 8.298262973099082007e-01
