MgCl2.6H2O 80K NIR reflectance spectra from 0.35-2.5um		
This is the data used to create Figure 2		
		
Wavelength (um)	% Reflectance	normalized
0.35	0.423430696	0.91557666
0.351	0.426323667	0.92183208
0.352	0.428685824	0.92693973
0.353	0.430528218	0.930923506
0.354	0.432189927	0.934516591
0.355	0.432635148	0.935479283
0.356	0.432611655	0.935428486
0.357	0.433058709	0.936395142
0.358	0.434578027	0.939680336
0.359	0.435090076	0.940787531
0.36	0.436563783	0.943974101
0.361	0.438521425	0.948207075
0.362	0.437787665	0.94662048
0.363	0.439125372	0.94951298
0.364	0.440030965	0.951471127
0.365	0.438756906	0.948716252
0.366	0.438529412	0.948224345
0.367	0.439145017	0.949555457
0.368	0.440213447	0.951865704
0.369	0.441043608	0.953660748
0.37	0.440202143	0.951841263
0.371	0.440319256	0.952094493
0.372	0.441615155	0.954896593
0.373	0.442054868	0.955847377
0.374	0.441488017	0.954621685
0.375	0.441653246	0.954978956
0.376	0.442898387	0.957671303
0.377	0.442213414	0.956190198
0.378	0.441852336	0.955409446
0.379	0.441751705	0.955191854
0.38	0.441439891	0.954517623
0.381	0.44208137	0.955904683
0.382	0.442279316	0.956332697
0.383	0.44182119	0.9553421
0.384	0.4414976	0.954642407
0.385	0.442180452	0.956118926
0.386	0.442932026	0.957744041
0.387	0.442984813	0.957858182
0.388	0.442231172	0.956228597
0.389	0.441815375	0.955329526
0.39	0.44173829	0.955162845
0.391	0.441827246	0.955355194
0.392	0.442729602	0.957306342
0.393	0.443606966	0.95920345
0.394	0.443842626	0.959713014
0.395	0.44320796	0.958340688
0.396	0.443118249	0.958146707
0.397	0.443357061	0.958663086
0.398	0.443521799	0.959019296
0.399	0.443238546	0.958406822
0.4	0.443798039	0.959616605
0.401	0.44402058	0.960097801
0.402	0.443038169	0.957973552
0.403	0.443321257	0.958585667
0.404	0.443497211	0.958966129
0.405	0.443180073	0.958280389
0.406	0.442697932	0.957237862
0.407	0.442609229	0.957046062
0.408	0.442932432	0.957744918
0.409	0.44346423	0.958894816
0.41	0.443828433	0.959682324
0.411	0.443979213	0.960008355
0.412	0.444041288	0.960142578
0.413	0.444199462	0.960484594
0.414	0.444668634	0.961499077
0.415	0.444968421	0.962147302
0.416	0.445028033	0.9622762
0.417	0.445052884	0.962329933
0.418	0.445177794	0.962600023
0.419	0.445263275	0.962784858
0.42	0.445406737	0.963095065
0.421	0.446172867	0.964751653
0.422	0.44630271	0.965032409
0.423	0.446229275	0.964873624
0.424	0.446561891	0.965592832
0.425	0.446616473	0.965710855
0.426	0.446739874	0.965977682
0.427	0.447042193	0.966631382
0.428	0.447423234	0.967455299
0.429	0.447563077	0.96775768
0.43	0.447846708	0.96837097
0.431	0.44840041	0.969568231
0.432	0.448707364	0.97023195
0.433	0.449060062	0.970994584
0.434	0.449363087	0.97164981
0.435	0.449489572	0.971923305
0.436	0.449709854	0.972399617
0.437	0.450038999	0.973111322
0.438	0.450343453	0.973769636
0.439	0.450404702	0.973902076
0.44	0.450685778	0.97450984
0.441	0.451048241	0.975293587
0.442	0.45131023	0.975860083
0.443	0.451424102	0.976106304
0.444	0.451645538	0.976585111
0.445	0.451934487	0.977209901
0.446	0.452146649	0.977668656
0.447	0.452351229	0.978111016
0.448	0.452460281	0.978346816
0.449	0.452596558	0.978641487
0.45	0.453112153	0.979756347
0.451	0.453273814	0.980105904
0.452	0.453272495	0.980103053
0.453	0.453418816	0.98041944
0.454	0.453716581	0.981063291
0.455	0.454015993	0.981710705
0.456	0.454240745	0.982196683
0.457	0.454373387	0.982483492
0.458	0.454473215	0.982699349
0.459	0.454639002	0.983057826
0.46	0.454839203	0.983490718
0.461	0.454834363	0.983480253
0.462	0.454997457	0.983832908
0.463	0.45531366	0.984516627
0.464	0.455637808	0.985217526
0.465	0.455832204	0.985637865
0.466	0.455921077	0.985830033
0.467	0.455951254	0.985895286
0.468	0.455989053	0.985977018
0.469	0.456155758	0.986337481
0.47	0.456370094	0.986800935
0.471	0.456562165	0.987216247
0.472	0.456772573	0.987671209
0.473	0.4568925	0.987930525
0.474	0.457008078	0.988180437
0.475	0.457233963	0.988668864
0.476	0.457384715	0.988994833
0.477	0.457419631	0.989070332
0.478	0.457471585	0.989182671
0.479	0.457834516	0.989967428
0.48	0.457969624	0.990259571
0.481	0.458044025	0.990420446
0.482	0.458266885	0.990902334
0.483	0.458481915	0.991367289
0.484	0.458669076	0.991771984
0.485	0.458842174	0.99214627
0.486	0.459020243	0.992531305
0.487	0.459023517	0.992538386
0.488	0.459176847	0.992869927
0.489	0.459533621	0.993641374
0.49	0.459621902	0.993832261
0.491	0.459734074	0.99407481
0.492	0.459905021	0.994444446
0.493	0.460093944	0.99485295
0.494	0.46028011	0.995255493
0.495	0.460430207	0.995580046
0.496	0.46053947	0.995816303
0.497	0.460633607	0.996019854
0.498	0.46083703	0.996459713
0.499	0.461022526	0.996860807
0.5	0.461094389	0.997016195
0.501	0.461139557	0.997113861
0.502	0.46119729	0.997238697
0.503	0.461323917	0.997512499
0.504	0.461542342	0.997984795
0.505	0.461630476	0.998175365
0.506	0.46165925	0.998237584
0.507	0.461724129	0.99837787
0.508	0.461918879	0.998798974
0.509	0.461916416	0.998793648
0.51	0.461842875	0.998634634
0.511	0.461909269	0.998778195
0.512	0.462159941	0.999320219
0.513	0.462310996	0.999646843
0.514	0.462335738	0.999700341
0.515	0.462403418	0.999846684
0.516	0.462448497	0.999944158
0.517	0.462474322	1
0.518	0.46247396	0.999999216
0.519	0.462385501	0.999807943
0.52	0.462348526	0.999727992
0.521	0.462357695	0.999747819
0.522	0.462345885	0.999722282
0.523	0.462276115	0.999571421
0.524	0.46220785	0.999423812
0.525	0.462155387	0.999310373
0.526	0.462068143	0.999121725
0.527	0.462015425	0.999007734
0.528	0.461956236	0.998879752
0.529	0.461852278	0.998654964
0.53	0.461771624	0.998480568
0.531	0.461699493	0.9983246
0.532	0.461610374	0.998131901
0.533	0.461473367	0.997835653
0.534	0.461278633	0.997414582
0.535	0.461086587	0.996999324
0.536	0.460906355	0.996609613
0.537	0.460624243	0.995999606
0.538	0.46025412	0.995199295
0.539	0.459893446	0.994419417
0.54	0.459640415	0.993872292
0.541	0.459365203	0.993277207
0.542	0.459100281	0.99270437
0.543	0.458827314	0.99211414
0.544	0.45845608	0.991311426
0.545	0.458194463	0.990745737
0.546	0.457972928	0.990266716
0.547	0.457717901	0.989715276
0.548	0.457583473	0.989424603
0.549	0.457529325	0.989307521
0.55	0.457515492	0.98927761
0.551	0.457507899	0.989261191
0.552	0.4575324	0.989314169
0.553	0.457621871	0.989507631
0.554	0.457773762	0.989836062
0.555	0.457910061	0.990130779
0.556	0.45806659	0.990469238
0.557	0.458221126	0.990803388
0.558	0.458341212	0.99106305
0.559	0.458482471	0.99136849
0.56	0.458546103	0.991506082
0.561	0.458478014	0.991358855
0.562	0.458292257	0.990957194
0.563	0.457978101	0.9902779
0.564	0.45764518	0.989558032
0.565	0.457354563	0.988929637
0.566	0.456883696	0.987911489
0.567	0.456438109	0.986948003
0.568	0.456185628	0.986402069
0.569	0.456232369	0.986503135
0.57	0.45632115	0.986695105
0.571	0.456510197	0.987103878
0.572	0.456851953	0.987842851
0.573	0.457288562	0.988786923
0.574	0.457742047	0.989767486
0.575	0.458122667	0.990590493
0.576	0.458333876	0.991047187
0.577	0.458236696	0.990837055
0.578	0.458136328	0.990620033
0.579	0.45804495	0.990422447
0.58	0.457571445	0.989398595
0.581	0.456963024	0.988083018
0.582	0.456106757	0.986231527
0.583	0.454912255	0.983648676
0.584	0.453615617	0.980844978
0.585	0.452583902	0.97861412
0.586	0.451708368	0.976720969
0.587	0.45058929	0.974301205
0.588	0.449831722	0.97266313
0.589	0.449328822	0.971575718
0.59	0.448915728	0.970682493
0.591	0.448497348	0.969777837
0.592	0.448609508	0.970020359
0.593	0.448999891	0.970864477
0.594	0.449168124	0.971228245
0.595	0.449360582	0.971644392
0.596	0.449482332	0.971907651
0.597	0.449343337	0.971607104
0.598	0.448667772	0.970146341
0.599	0.448208495	0.969153256
0.6	0.447854493	0.968387802
0.601	0.44737358	0.967347933
0.602	0.446940087	0.966410599
0.603	0.446852692	0.966221627
0.604	0.446869898	0.966258831
0.605	0.446414201	0.965273486
0.606	0.445885184	0.964129601
0.607	0.445557287	0.963420595
0.608	0.445431534	0.963148682
0.609	0.444939247	0.962084219
0.61	0.444687725	0.961540358
0.611	0.44470246	0.961572217
0.612	0.44472918	0.961629995
0.613	0.444342234	0.960793308
0.614	0.443993109	0.960038402
0.615	0.443911593	0.959862141
0.616	0.443975241	0.959999766
0.617	0.443592741	0.959172694
0.618	0.4431292	0.958170386
0.619	0.443011209	0.957915256
0.62	0.443020971	0.957936364
0.621	0.442706399	0.957256171
0.622	0.442227812	0.956221331
0.623	0.442127211	0.956003803
0.624	0.44205891	0.955856117
0.625	0.441814705	0.955328077
0.626	0.44142045	0.954475587
0.627	0.441327567	0.954274747
0.628	0.441292942	0.954199877
0.629	0.441132371	0.953852679
0.63	0.440767813	0.9530644
0.631	0.440614563	0.952733032
0.632	0.440567484	0.952631233
0.633	0.44048735	0.952457961
0.634	0.440244706	0.951933295
0.635	0.440024872	0.951457953
0.636	0.43993402	0.951261505
0.637	0.439952564	0.951301603
0.638	0.439749448	0.950862409
0.639	0.439494301	0.950310709
0.64	0.439344912	0.949987687
0.641	0.43940116	0.950109313
0.642	0.439285471	0.94985916
0.643	0.439090638	0.949437876
0.644	0.438913409	0.949054655
0.645	0.438738533	0.948676526
0.646	0.438676282	0.948541921
0.647	0.438563786	0.948298672
0.648	0.438256339	0.947633885
0.649	0.438157551	0.947420279
0.65	0.438143955	0.947390881
0.651	0.438092172	0.94727891
0.652	0.43791111	0.946887403
0.653	0.437658895	0.946342044
0.654	0.437491626	0.945980359
0.655	0.437469485	0.945932485
0.656	0.437370321	0.945718064
0.657	0.43718447	0.945316202
0.658	0.436996697	0.944910184
0.659	0.436916585	0.944736959
0.66	0.436808658	0.94450359
0.661	0.436624033	0.94410438
0.662	0.436408138	0.943637554
0.663	0.436324365	0.943456413
0.664	0.436234789	0.943262724
0.665	0.436099859	0.942970968
0.666	0.435923359	0.942589325
0.667	0.435751524	0.942217769
0.668	0.435649995	0.941998233
0.669	0.435589901	0.941868294
0.67	0.435475367	0.94162064
0.671	0.435330079	0.941306485
0.672	0.435151663	0.940920699
0.673	0.434981631	0.940553043
0.674	0.434974933	0.940538559
0.675	0.434848074	0.940264254
0.676	0.434641953	0.939818562
0.677	0.434495062	0.939500942
0.678	0.434343662	0.939173574
0.679	0.434168978	0.938795857
0.68	0.434003763	0.938438616
0.681	0.433925828	0.938270098
0.682	0.433791425	0.937979482
0.683	0.433654811	0.937684084
0.684	0.433576628	0.93751503
0.685	0.433522125	0.93739718
0.686	0.43343338	0.937205287
0.687	0.433341036	0.937005613
0.688	0.433297065	0.936910537
0.689	0.43313764	0.936565813
0.69	0.432914693	0.93608374
0.691	0.432703575	0.935627242
0.692	0.432577727	0.935355123
0.693	0.432504827	0.935197493
0.694	0.432446557	0.935071498
0.695	0.432372394	0.934911135
0.696	0.432292343	0.934738044
0.697	0.432204957	0.93454909
0.698	0.432089624	0.934299708
0.699	0.43192283	0.933939052
0.7	0.431782699	0.933636048
0.701	0.431660374	0.933371549
0.702	0.431545454	0.933123059
0.703	0.431450421	0.932917569
0.704	0.431312107	0.932618496
0.705	0.431183888	0.93234125
0.706	0.431112542	0.932186981
0.707	0.430937438	0.931808356
0.708	0.430748631	0.931400102
0.709	0.430596913	0.931072045
0.71	0.430486203	0.93083266
0.711	0.430360233	0.930560275
0.712	0.430201421	0.930216879
0.713	0.430015237	0.929814298
0.714	0.429835978	0.929426688
0.715	0.429679056	0.92908738
0.716	0.429491117	0.928681002
0.717	0.429229515	0.928115344
0.718	0.429052746	0.927733121
0.719	0.428879457	0.927358419
0.72	0.428665874	0.926896594
0.721	0.428419259	0.926363342
0.722	0.428148541	0.925777975
0.723	0.427918366	0.925280271
0.724	0.427744056	0.924903363
0.725	0.427512634	0.924402963
0.726	0.427200019	0.923727002
0.727	0.426858535	0.922988616
0.728	0.426563976	0.922351697
0.729	0.42629707	0.92177457
0.73	0.425966771	0.92106037
0.731	0.425567062	0.920196087
0.732	0.425184015	0.919367832
0.733	0.424816116	0.918572331
0.734	0.424425466	0.917727635
0.735	0.423985994	0.916777372
0.736	0.423513274	0.915755219
0.737	0.42310141	0.914864651
0.738	0.422729542	0.914060569
0.739	0.422320094	0.913175227
0.74	0.421804055	0.912059404
0.741	0.421341192	0.911058563
0.742	0.420969356	0.91025455
0.743	0.42058013	0.909412932
0.744	0.420168043	0.908521886
0.745	0.41978029	0.907683454
0.746	0.419449199	0.906967542
0.747	0.419146757	0.906313577
0.748	0.418786918	0.905535503
0.749	0.418370066	0.90463415
0.75	0.417946441	0.903718155
0.751	0.417585781	0.902938305
0.752	0.417268004	0.902251183
0.753	0.41694863	0.901560605
0.754	0.416571501	0.900745147
0.755	0.41619	0.899920232
0.756	0.41578769	0.899050325
0.757	0.415370897	0.898149101
0.758	0.415030236	0.897412497
0.759	0.414708087	0.89671592
0.76	0.414423517	0.896100598
0.761	0.41420979	0.895638461
0.762	0.41402922	0.895248018
0.763	0.413819655	0.894794879
0.764	0.413602145	0.89432456
0.765	0.413471774	0.894042661
0.766	0.413470826	0.894040612
0.767	0.41352944	0.894167352
0.768	0.413590361	0.89429908
0.769	0.413659818	0.894449266
0.77	0.413787512	0.894725375
0.771	0.413932637	0.895039177
0.772	0.414035643	0.895261906
0.773	0.414091673	0.895383058
0.774	0.41419765	0.89561221
0.775	0.414365735	0.895975658
0.776	0.414540083	0.896352648
0.777	0.414684806	0.896665579
0.778	0.414800725	0.896916229
0.779	0.414903164	0.89713773
0.78	0.415018934	0.897388058
0.781	0.4151037	0.897571346
0.782	0.415183828	0.897744605
0.783	0.415285167	0.897963728
0.784	0.415371007	0.898149339
0.785	0.415436959	0.898291947
0.786	0.415509485	0.898448768
0.787	0.41560889	0.89866371
0.788	0.41559849	0.898641222
0.789	0.415577245	0.898595283
0.79	0.41559482	0.898633286
0.791	0.415623287	0.89869484
0.792	0.415680603	0.898818773
0.793	0.415713806	0.898890568
0.794	0.415704095	0.89886957
0.795	0.415740625	0.898948557
0.796	0.415740775	0.898948882
0.797	0.415713179	0.898889212
0.798	0.415695304	0.89885056
0.799	0.415695667	0.898851346
0.8	0.415707757	0.898877489
0.801	0.415720252	0.898904505
0.802	0.415720955	0.898906026
0.803	0.415708936	0.898880038
0.804	0.415748638	0.898965884
0.805	0.415830358	0.899142586
0.806	0.415835161	0.899152972
0.807	0.415818036	0.899115941
0.808	0.415822443	0.899125471
0.809	0.415868685	0.89922546
0.81	0.415917836	0.899331739
0.811	0.416000136	0.899509694
0.812	0.416108862	0.89974479
0.813	0.416223032	0.899991659
0.814	0.416335803	0.900235501
0.815	0.416466304	0.900517681
0.816	0.416597273	0.900800873
0.817	0.416687175	0.900995266
0.818	0.416771249	0.901177057
0.819	0.416885303	0.901423675
0.82	0.417020435	0.901715869
0.821	0.417104452	0.901897536
0.822	0.417259243	0.902232237
0.823	0.417439991	0.902623067
0.824	0.417581947	0.902930015
0.825	0.417686969	0.903157103
0.826	0.41776137	0.903317978
0.827	0.417849534	0.903508613
0.828	0.417990067	0.903812486
0.829	0.418118259	0.904089673
0.83	0.418239555	0.90435195
0.831	0.418343709	0.904577159
0.832	0.418407186	0.904714416
0.833	0.418402113	0.904703445
0.834	0.418417846	0.904737465
0.835	0.418506325	0.904928783
0.836	0.418645713	0.905230178
0.837	0.418654813	0.905249854
0.838	0.418595804	0.90512226
0.839	0.418549232	0.90502156
0.84	0.418503835	0.904923398
0.841	0.418435119	0.904774815
0.842	0.41833503	0.904558394
0.843	0.418208104	0.904283944
0.844	0.418075126	0.903996409
0.845	0.417947956	0.903721431
0.846	0.417811384	0.903426123
0.847	0.417645979	0.903068471
0.848	0.41751435	0.902783853
0.849	0.417358894	0.902447713
0.85	0.41715143	0.901999115
0.851	0.416909397	0.901475772
0.852	0.416724069	0.901075041
0.853	0.416543428	0.900684444
0.854	0.41635856	0.900284708
0.855	0.416255698	0.900062291
0.856	0.416137608	0.899806948
0.857	0.416022909	0.899558935
0.858	0.415933846	0.899366356
0.859	0.415829898	0.899141591
0.86	0.415757759	0.898985605
0.861	0.415728083	0.898921438
0.862	0.415737181	0.89894111
0.863	0.415783726	0.899041754
0.864	0.415839418	0.899162176
0.865	0.415901283	0.899295946
0.866	0.415984441	0.899475757
0.867	0.416119375	0.899767523
0.868	0.416233153	0.900013543
0.869	0.416331583	0.900226376
0.87	0.416483742	0.900555386
0.871	0.416660309	0.900937174
0.872	0.416810988	0.901262985
0.873	0.416892226	0.901438643
0.874	0.41688089	0.901414133
0.875	0.416842173	0.901330416
0.876	0.416863681	0.901376922
0.877	0.416945204	0.901553196
0.878	0.41693531	0.901531805
0.879	0.416873869	0.90139895
0.88	0.416804618	0.90124921
0.881	0.416750673	0.901132567
0.882	0.41667457	0.90096801
0.883	0.416561042	0.900722531
0.884	0.416455259	0.900493799
0.885	0.416390609	0.900354006
0.886	0.416273559	0.900100912
0.887	0.416156622	0.899848061
0.888	0.416021081	0.899554983
0.889	0.415840963	0.899165517
0.89	0.415746263	0.898960749
0.891	0.415570614	0.898580947
0.892	0.415308882	0.898015007
0.893	0.415069649	0.897497719
0.894	0.414846861	0.897015988
0.895	0.414626151	0.896538751
0.896	0.414392446	0.896033415
0.897	0.414135671	0.895478193
0.898	0.413863999	0.894890762
0.899	0.413624361	0.894372597
0.9	0.413408399	0.893905626
0.901	0.413145251	0.893336627
0.902	0.412930335	0.892871917
0.903	0.412733835	0.892447029
0.904	0.412540864	0.892029771
0.905	0.41239188	0.891707625
0.906	0.412242364	0.891384329
0.907	0.412015451	0.890893681
0.908	0.411701523	0.890214879
0.909	0.411427424	0.8896222
0.91	0.411161158	0.889046458
0.911	0.410818399	0.888305316
0.912	0.410378842	0.88735487
0.913	0.410011694	0.886560993
0.914	0.409640048	0.885757388
0.915	0.409257833	0.884930931
0.916	0.408880582	0.884115208
0.917	0.408530592	0.883358431
0.918	0.408146584	0.882528098
0.919	0.407766619	0.881706506
0.92	0.407411867	0.880939433
0.921	0.406885207	0.879800644
0.922	0.406473204	0.878909778
0.923	0.406103669	0.87811074
0.924	0.405607429	0.877037727
0.925	0.405168775	0.876089235
0.926	0.404681799	0.875036256
0.927	0.404128824	0.873840568
0.928	0.403549356	0.872587595
0.929	0.402977946	0.871352043
0.93	0.402490011	0.870296992
0.931	0.401990896	0.869217764
0.932	0.401333563	0.867796424
0.933	0.400664139	0.86634894
0.934	0.399947339	0.864799017
0.935	0.399223287	0.863233412
0.936	0.398549161	0.861775761
0.937	0.397753351	0.860054994
0.938	0.39700477	0.858436352
0.939	0.396249995	0.856804316
0.94	0.395308707	0.854768984
0.941	0.394366136	0.852730879
0.942	0.39347239	0.85079835
0.943	0.39258288	0.848874978
0.944	0.391605173	0.8467609
0.945	0.390592015	0.844570165
0.946	0.389542277	0.842300336
0.947	0.388400067	0.839830556
0.948	0.387098205	0.837015563
0.949	0.385755142	0.834111481
0.95	0.384343154	0.831058366
0.951	0.382868092	0.827868864
0.952	0.381373553	0.82463725
0.953	0.379876187	0.821399521
0.954	0.378391603	0.818189432
0.955	0.376885128	0.814932008
0.956	0.375301715	0.811508222
0.957	0.37371707	0.808081771
0.958	0.372144114	0.804680597
0.959	0.370550408	0.801234556
0.96	0.368883379	0.797629967
0.961	0.367165847	0.793916179
0.962	0.365434769	0.790173101
0.963	0.363740427	0.786509456
0.964	0.362102616	0.782968045
0.965	0.360338972	0.779154548
0.966	0.358504083	0.775187001
0.967	0.356693325	0.771271631
0.968	0.354995425	0.767600292
0.969	0.353388437	0.764125531
0.97	0.351825494	0.760746006
0.971	0.350309497	0.757467994
0.972	0.348892827	0.754404753
0.973	0.347665573	0.751751085
0.974	0.346501986	0.74923508
0.975	0.345349333	0.74674272
0.976	0.344223505	0.744308362
0.977	0.343187746	0.742068758
0.978	0.342206436	0.73994689
0.979	0.34119372	0.737757111
0.98	0.340079929	0.73534878
0.981	0.338952862	0.732911744
0.982	0.337691706	0.730184769
0.983	0.336512172	0.727634284
0.984	0.335602429	0.725667162
0.985	0.3344805	0.723241235
0.986	0.333596445	0.721329659
0.987	0.332849177	0.719713854
0.988	0.332066115	0.718020654
0.989	0.331519023	0.716837686
0.99	0.331234907	0.716223347
0.991	0.331170557	0.716084203
0.992	0.331269684	0.716298544
0.993	0.331526922	0.716854766
0.994	0.332080497	0.71805175
0.995	0.332692482	0.719375036
0.996	0.333220147	0.720515996
0.997	0.333888956	0.721962151
0.998	0.33476709	0.723860924
0.999	0.335694435	0.725866104
1	0.336684269	0.728006405
1.001	0.332104293	0.718103205
1.002	0.333341626	0.720778668
1.003	0.334725566	0.723771137
1.004	0.336190575	0.7269389
1.005	0.337892836	0.730619669
1.006	0.339809339	0.734763689
1.007	0.341761336	0.738984458
1.008	0.343933722	0.743681768
1.009	0.346334958	0.748873919
1.01	0.348724023	0.754039752
1.011	0.35140274	0.759831894
1.012	0.35383757	0.765096683
1.013	0.356174865	0.770150574
1.014	0.358565665	0.77532016
1.015	0.360907815	0.780384547
1.016	0.363134688	0.785199676
1.017	0.365426502	0.790155225
1.018	0.367545038	0.794736098
1.019	0.369366097	0.798673742
1.02	0.371124907	0.802476783
1.021	0.372798738	0.80609608
1.022	0.374494576	0.809762961
1.023	0.376097761	0.813229499
1.024	0.377683461	0.816658228
1.025	0.379171724	0.819876274
1.026	0.380559306	0.822876618
1.027	0.381870279	0.825711312
1.028	0.383175724	0.828534051
1.029	0.384371967	0.831120667
1.03	0.385440166	0.833430414
1.031	0.386436619	0.835585026
1.032	0.387516431	0.837919884
1.033	0.388530635	0.84011288
1.034	0.389534841	0.842284256
1.035	0.390601927	0.844591598
1.036	0.391502044	0.846537906
1.037	0.392201045	0.848049342
1.038	0.392953484	0.849676328
1.039	0.393706193	0.851303897
1.04	0.39433717	0.852668248
1.041	0.395003796	0.85410968
1.042	0.395441065	0.85505518
1.043	0.395593221	0.855384185
1.044	0.395875417	0.855994372
1.045	0.396071192	0.856417693
1.046	0.396299899	0.856912221
1.047	0.396621007	0.857606547
1.048	0.396934121	0.858283588
1.049	0.397142678	0.858734549
1.05	0.397489959	0.859485467
1.051	0.398088555	0.860779801
1.052	0.398625609	0.861941062
1.053	0.399291362	0.863380608
1.054	0.400243415	0.865439215
1.055	0.400914932	0.866891226
1.056	0.401557019	0.868279598
1.057	0.402104241	0.869462846
1.058	0.402526578	0.870376058
1.059	0.402896188	0.871175261
1.06	0.403184816	0.871799354
1.061	0.403470345	0.872416749
1.062	0.403639867	0.872783305
1.063	0.403703451	0.872920791
1.064	0.403783109	0.873093034
1.065	0.4038691	0.87327897
1.066	0.403859793	0.873258846
1.067	0.403785335	0.873097846
1.068	0.403807925	0.873146693
1.069	0.403742763	0.873005794
1.07	0.403585777	0.872666347
1.071	0.403392382	0.872248171
1.072	0.403254935	0.871950971
1.073	0.403032755	0.871470556
1.074	0.402773156	0.87090923
1.075	0.402627919	0.870595186
1.076	0.402350504	0.869995338
1.077	0.40189072	0.869001155
1.078	0.40149069	0.868136176
1.079	0.401232224	0.867577299
1.08	0.40093321	0.866930747
1.081	0.400647464	0.866312884
1.082	0.400384667	0.865744643
1.083	0.400057663	0.865037567
1.084	0.399700147	0.864264517
1.085	0.399394743	0.863604149
1.086	0.399153974	0.863083537
1.087	0.398826499	0.862375444
1.088	0.398445309	0.861551204
1.089	0.398135798	0.860881953
1.09	0.397860682	0.860287075
1.091	0.397500318	0.859507867
1.092	0.397129253	0.858705519
1.093	0.396770686	0.857930196
1.094	0.396375763	0.857076262
1.095	0.396047118	0.856365637
1.096	0.395820844	0.85587637
1.097	0.395645436	0.855497088
1.098	0.395463424	0.855103526
1.099	0.395285546	0.854718903
1.1	0.395288092	0.854724409
1.101	0.395414118	0.854996912
1.102	0.395483927	0.855147859
1.103	0.395575396	0.855345641
1.104	0.395745735	0.855713963
1.105	0.395969274	0.856197317
1.106	0.396129119	0.856542948
1.107	0.396394299	0.857116342
1.108	0.396563463	0.857482122
1.109	0.396640472	0.857648637
1.11	0.396659918	0.857690684
1.111	0.396823087	0.858043501
1.112	0.39693942	0.858295045
1.113	0.396862737	0.858129236
1.114	0.396737517	0.857858476
1.115	0.396551045	0.857455271
1.116	0.396274521	0.856857348
1.117	0.396040292	0.856350878
1.118	0.395755298	0.855734641
1.119	0.395356964	0.85487333
1.12	0.394818588	0.85370921
1.121	0.394315926	0.852622312
1.122	0.393824269	0.85155921
1.123	0.393179989	0.850166095
1.124	0.392440059	0.848566159
1.125	0.391667445	0.846895548
1.126	0.390774516	0.844964784
1.127	0.389913045	0.843102041
1.128	0.389024669	0.841181121
1.129	0.38807453	0.839126653
1.13	0.387035209	0.836879347
1.131	0.385966767	0.834569074
1.132	0.384889867	0.832240513
1.133	0.383734217	0.82974167
1.134	0.38260986	0.827310493
1.135	0.381450263	0.824803118
1.136	0.38009931	0.821881976
1.137	0.378632108	0.818709471
1.138	0.377107896	0.815413694
1.139	0.375523523	0.811987834
1.14	0.373709773	0.808065994
1.141	0.371810406	0.803959028
1.142	0.369758098	0.799521358
1.143	0.367545885	0.794737928
1.144	0.365118921	0.789490147
1.145	0.36257347	0.783986164
1.146	0.359944966	0.778302596
1.147	0.357092098	0.772133891
1.148	0.354110457	0.765686741
1.149	0.351117736	0.759215635
1.15	0.348076943	0.752640582
1.151	0.344997323	0.745981573
1.152	0.341961097	0.739416396
1.153	0.338966805	0.732941892
1.154	0.336063355	0.726663815
1.155	0.333282001	0.720649742
1.156	0.330611541	0.714875454
1.157	0.327996655	0.709221331
1.158	0.325519906	0.703865903
1.159	0.323028443	0.698478656
1.16	0.320611485	0.693252511
1.161	0.318186876	0.688009821
1.162	0.315659499	0.68254492
1.163	0.313000628	0.676795689
1.164	0.31021428	0.670770819
1.165	0.307310401	0.664491814
1.166	0.304181353	0.657725928
1.167	0.300902505	0.650636134
1.168	0.297543995	0.643374088
1.169	0.294153291	0.636042428
1.17	0.290714793	0.628607426
1.171	0.287334876	0.621299091
1.172	0.284082392	0.614266304
1.173	0.280767663	0.607098922
1.174	0.277723347	0.600516253
1.175	0.274836935	0.594275015
1.176	0.272137078	0.588437163
1.177	0.26959139	0.582932666
1.178	0.267219222	0.577803369
1.179	0.265035414	0.57308136
1.18	0.263009775	0.568701357
1.181	0.26109758	0.564566653
1.182	0.259277427	0.560630968
1.183	0.257513774	0.556817453
1.184	0.255824487	0.553164736
1.185	0.254230217	0.549717475
1.186	0.252660714	0.546323767
1.187	0.251114388	0.542980173
1.188	0.249584016	0.539671078
1.189	0.248022442	0.536294515
1.19	0.246519048	0.533043751
1.191	0.245096158	0.529967062
1.192	0.243599218	0.526730255
1.193	0.242472205	0.524293334
1.194	0.241334811	0.521833968
1.195	0.2407745	0.520622418
1.196	0.240468929	0.519961688
1.197	0.240712429	0.520488202
1.198	0.241458654	0.522101753
1.199	0.242574145	0.524513758
1.2	0.244136523	0.527892061
1.201	0.245934901	0.531780662
1.202	0.247908351	0.536047817
1.203	0.249940893	0.540442747
1.204	0.251838408	0.54454571
1.205	0.25365038	0.548463704
1.206	0.255199625	0.551813609
1.207	0.256522592	0.554674237
1.208	0.25760213	0.557008503
1.209	0.258425277	0.55878838
1.21	0.25900865	0.560049795
1.211	0.259324067	0.560731816
1.212	0.259461535	0.561029062
1.213	0.25934256	0.560771803
1.214	0.259095474	0.560237535
1.215	0.258600097	0.559166389
1.216	0.25807982	0.558041403
1.217	0.257395848	0.556562463
1.218	0.256673998	0.555001619
1.219	0.255979919	0.553500825
1.22	0.255369117	0.552180099
1.221	0.254895028	0.551154986
1.222	0.254513159	0.550329277
1.223	0.25431196	0.549894226
1.224	0.254220895	0.549697319
1.225	0.254176943	0.549602282
1.226	0.254296624	0.549861066
1.227	0.254489879	0.550278938
1.228	0.254827979	0.551010006
1.229	0.255354029	0.552147474
1.23	0.25608674	0.553731803
1.231	0.25704297	0.555799442
1.232	0.258265375	0.558442627
1.233	0.259550511	0.561221452
1.234	0.26123634	0.56486669
1.235	0.262582998	0.567778546
1.236	0.263956405	0.570748239
1.237	0.265145547	0.5733195
1.238	0.26597005	0.575102308
1.239	0.266442991	0.576124941
1.24	0.266434577	0.576106745
1.241	0.266113201	0.575411841
1.242	0.265431143	0.573937039
1.243	0.264531724	0.571992242
1.244	0.263500953	0.569763423
1.245	0.262487365	0.56757176
1.246	0.261615219	0.565685934
1.247	0.260875592	0.564086652
1.248	0.260466769	0.56320266
1.249	0.260302776	0.562848062
1.25	0.260474464	0.563219299
1.251	0.260820785	0.563968143
1.252	0.261273803	0.564947695
1.253	0.26201498	0.566550331
1.254	0.262692276	0.568014836
1.255	0.263446831	0.569646395
1.256	0.264199007	0.571272812
1.257	0.264974074	0.572948727
1.258	0.265776383	0.574683544
1.259	0.266568331	0.576395959
1.26	0.267510275	0.578432708
1.261	0.268613926	0.580819114
1.262	0.269918691	0.583640384
1.263	0.271539047	0.58714405
1.264	0.273448405	0.591272622
1.265	0.2757356	0.596218183
1.266	0.278284144	0.601728855
1.267	0.281142539	0.60790951
1.268	0.284184523	0.614487138
1.269	0.287290788	0.62120376
1.27	0.290407516	0.627943005
1.271	0.29343328	0.634485561
1.272	0.296294078	0.640671413
1.273	0.298843715	0.646184449
1.274	0.301195471	0.651269609
1.275	0.303257772	0.655728885
1.276	0.305005226	0.659507375
1.277	0.306525259	0.662794115
1.278	0.307788991	0.665526659
1.279	0.308833249	0.66778464
1.28	0.30965589	0.669563423
1.281	0.310273093	0.670897989
1.282	0.310744826	0.671918008
1.283	0.311072571	0.672626687
1.284	0.311267633	0.673048467
1.285	0.311316813	0.673154807
1.286	0.311269094	0.673051624
1.287	0.311128554	0.672747738
1.288	0.310874981	0.67219944
1.289	0.310545396	0.671486785
1.29	0.310129468	0.670587433
1.291	0.309604894	0.669453154
1.292	0.308988243	0.668119782
1.293	0.308298033	0.666627353
1.294	0.307535136	0.664977753
1.295	0.306667509	0.663101699
1.296	0.305716398	0.661045128
1.297	0.304696454	0.658839722
1.298	0.303557621	0.656377244
1.299	0.302332965	0.653729192
1.3	0.301008673	0.650865698
1.301	0.299581223	0.647779148
1.302	0.298024322	0.644412689
1.303	0.296406304	0.640914077
1.304	0.294719151	0.637265978
1.305	0.292926236	0.63338919
1.306	0.291058118	0.629349792
1.307	0.289127473	0.625175191
1.308	0.287110965	0.620814933
1.309	0.285011525	0.616275351
1.31	0.282841516	0.611583177
1.311	0.280629066	0.606799238
1.312	0.278397028	0.601972942
1.313	0.276110884	0.597029653
1.314	0.273822485	0.592081489
1.315	0.271560574	0.587190597
1.316	0.269256574	0.5822087
1.317	0.266930377	0.577178807
1.318	0.26461363	0.572169344
1.319	0.262316594	0.567202505
1.32	0.260025439	0.562248382
1.321	0.257737136	0.557300425
1.322	0.255488206	0.552437602
1.323	0.253254902	0.54760857
1.324	0.251031236	0.542800376
1.325	0.248768908	0.537908584
1.326	0.246550443	0.533111636
1.327	0.244323945	0.52829732
1.328	0.242065881	0.523414749
1.329	0.239843954	0.518610316
1.33	0.237664175	0.513897018
1.331	0.235524316	0.50927004
1.332	0.233373957	0.504620355
1.333	0.231235188	0.499995734
1.334	0.229149787	0.495486508
1.335	0.227064394	0.490977301
1.336	0.225045125	0.48661107
1.337	0.223157389	0.482529253
1.338	0.221317457	0.4785508
1.339	0.219585105	0.474804967
1.34	0.218001261	0.471380249
1.341	0.216521147	0.468179825
1.342	0.215181639	0.465283429
1.343	0.213984163	0.46269415
1.344	0.212928847	0.460412258
1.345	0.211996672	0.458396633
1.346	0.211178706	0.45662796
1.347	0.210480915	0.455119139
1.348	0.209851438	0.453758032
1.349	0.209318483	0.452605633
1.35	0.20880839	0.451502668
1.351	0.208323129	0.450453395
1.352	0.207874044	0.449482346
1.353	0.207394314	0.448445035
1.354	0.206896064	0.447367679
1.355	0.206399619	0.446294224
1.356	0.205857823	0.44512271
1.357	0.205255237	0.443819748
1.358	0.204612272	0.442429475
1.359	0.203926962	0.440947642
1.36	0.203146976	0.439261092
1.361	0.202292622	0.437413737
1.362	0.201415197	0.435516498
1.363	0.200461991	0.433455397
1.364	0.199471696	0.4313141
1.365	0.198484339	0.429179154
1.366	0.197458068	0.426960067
1.367	0.196400416	0.424673125
1.368	0.195313346	0.422322573
1.369	0.194231749	0.419983856
1.37	0.193144962	0.417633915
1.371	0.192014973	0.415190559
1.372	0.190906158	0.41279299
1.373	0.189798521	0.410397966
1.374	0.188669431	0.407956555
1.375	0.187544279	0.405523657
1.376	0.18638999	0.403027759
1.377	0.185223867	0.400506272
1.378	0.184033082	0.397931458
1.379	0.182767141	0.395194139
1.38	0.181409794	0.392259171
1.381	0.179951705	0.38910637
1.382	0.178334715	0.385609981
1.383	0.176551995	0.381755237
1.384	0.174586977	0.377506315
1.385	0.172455645	0.372897772
1.386	0.170168846	0.367953069
1.387	0.167726476	0.362671976
1.388	0.165148004	0.357096592
1.389	0.162477153	0.351321457
1.39	0.159686728	0.345287771
1.391	0.156747291	0.338931879
1.392	0.153701144	0.33234525
1.393	0.15052709	0.32548205
1.394	0.147261457	0.31842083
1.395	0.143895656	0.311143018
1.396	0.140428167	0.303645327
1.397	0.136928071	0.296077133
1.398	0.133363379	0.288369262
1.399	0.129723975	0.280499844
1.4	0.126068442	0.27259555
1.401	0.122412457	0.264690278
1.402	0.118759897	0.256792413
1.403	0.115232908	0.249166067
1.404	0.111829403	0.241806728
1.405	0.108721647	0.235086882
1.406	0.105778116	0.228722139
1.407	0.10321661	0.22318344
1.408	0.100924694	0.218227671
1.409	0.09905313	0.214180821
1.41	0.097487553	0.210795602
1.411	0.096241696	0.208101708
1.412	0.095278133	0.206018211
1.413	0.094517879	0.204374327
1.414	0.093948309	0.203142758
1.415	0.093457595	0.202081695
1.416	0.093052293	0.201205317
1.417	0.09269182	0.200425873
1.418	0.092325148	0.199633025
1.419	0.091963383	0.198850788
1.42	0.091543799	0.197943528
1.421	0.091027035	0.196826139
1.422	0.090368097	0.195401329
1.423	0.089514573	0.193555769
1.424	0.088478335	0.19131513
1.425	0.087219283	0.188592704
1.426	0.085756804	0.185430412
1.427	0.08411649	0.18188359
1.428	0.082333818	0.17802895
1.429	0.080446469	0.17394797
1.43	0.078503694	0.169747141
1.431	0.076526504	0.165471897
1.432	0.074538111	0.161172431
1.433	0.072587674	0.156955035
1.434	0.070682597	0.152835722
1.435	0.068873872	0.148924747
1.436	0.067192566	0.145289289
1.437	0.065666632	0.14198979
1.438	0.064255481	0.138938483
1.439	0.063008707	0.136242606
1.44	0.061814034	0.133659386
1.441	0.060723376	0.131301075
1.442	0.059696667	0.129081042
1.443	0.058722277	0.126974134
1.444	0.057858193	0.125105741
1.445	0.057089123	0.123442796
1.446	0.056412149	0.121978986
1.447	0.055857802	0.120780332
1.448	0.055461975	0.119924442
1.449	0.055205304	0.119369447
1.45	0.055117136	0.119178803
1.451	0.055170911	0.11929508
1.452	0.055369163	0.119723757
1.453	0.055689568	0.120416561
1.454	0.05611958	0.121346369
1.455	0.056597346	0.122379434
1.456	0.05709905	0.123464259
1.457	0.057597317	0.124541655
1.458	0.058031584	0.125480661
1.459	0.058455093	0.126396407
1.46	0.058819809	0.127185026
1.461	0.05921847	0.128047045
1.462	0.059671815	0.129027304
1.463	0.060215739	0.130203421
1.464	0.060929315	0.131746375
1.465	0.061761537	0.133545872
1.466	0.062790741	0.135771302
1.467	0.063931014	0.138236895
1.468	0.065160926	0.140896311
1.469	0.066426568	0.143632987
1.47	0.067655655	0.14629062
1.471	0.068850185	0.14887353
1.472	0.069938154	0.151226026
1.473	0.070938805	0.153389717
1.474	0.071837395	0.155332722
1.475	0.072627448	0.15704104
1.476	0.073334866	0.158570677
1.477	0.073999007	0.160006737
1.478	0.074619936	0.161349361
1.479	0.075304236	0.16282901
1.48	0.07592391	0.16416892
1.481	0.076748991	0.165952979
1.482	0.07762732	0.167852173
1.483	0.078738469	0.170254792
1.484	0.080021624	0.173029335
1.485	0.081506406	0.176239852
1.486	0.083264946	0.180042312
1.487	0.085055261	0.183913478
1.488	0.087010825	0.188141958
1.489	0.088985013	0.192410711
1.49	0.0909334	0.196623673
1.491	0.09275067	0.200553123
1.492	0.094419927	0.204162529
1.493	0.095857395	0.20727074
1.494	0.097060347	0.209871862
1.495	0.097985016	0.211871256
1.496	0.098688377	0.213392122
1.497	0.099173343	0.214440756
1.498	0.099460897	0.215062527
1.499	0.099599012	0.215361171
1.5	0.099565101	0.215287846
1.501	0.099464127	0.215069513
1.502	0.099202674	0.214504178
1.503	0.098807884	0.21365053
1.504	0.098322332	0.212600629
1.505	0.097678404	0.211208276
1.506	0.097040465	0.209828871
1.507	0.096353634	0.208343749
1.508	0.095862036	0.207280775
1.509	0.095649576	0.206821378
1.51	0.095840869	0.207235005
1.511	0.096673817	0.209036075
1.512	0.097963129	0.211823932
1.513	0.099879544	0.215967761
1.514	0.102135102	0.220844914
1.515	0.104694884	0.226379884
1.516	0.10734018	0.232099761
1.517	0.109759406	0.23733081
1.518	0.111974087	0.242119576
1.519	0.113716322	0.245886781
1.52	0.115106107	0.248891887
1.521	0.116021758	0.250871783
1.522	0.116682816	0.252301176
1.523	0.117167787	0.253349821
1.524	0.117545334	0.254166184
1.525	0.118059444	0.255277836
1.526	0.118678868	0.256617205
1.527	0.119564576	0.258532356
1.528	0.120569062	0.260704337
1.529	0.121746168	0.263249572
1.53	0.12290154	0.265747813
1.531	0.123919418	0.267948754
1.532	0.124735173	0.269712646
1.533	0.125197582	0.270712505
1.534	0.125222546	0.270766485
1.535	0.124828134	0.269913654
1.536	0.124052685	0.268236914
1.537	0.122682046	0.265273206
1.538	0.121294467	0.262272869
1.539	0.119420522	0.258220869
1.54	0.117914701	0.254964861
1.541	0.116223562	0.251308141
1.542	0.115153887	0.248995201
1.543	0.114390165	0.247343819
1.544	0.114118594	0.246756605
1.545	0.114456047	0.247486275
1.546	0.114891738	0.248428361
1.547	0.115694529	0.250164223
1.548	0.116549771	0.252013497
1.549	0.117321498	0.253682188
1.55	0.117750497	0.254609805
1.551	0.117850161	0.254825306
1.552	0.117402533	0.253857409
1.553	0.116604968	0.252132849
1.554	0.115390612	0.249507067
1.555	0.113914379	0.246315035
1.556	0.1123443	0.242920082
1.557	0.110710288	0.239386886
1.558	0.109235508	0.236197995
1.559	0.108024381	0.233579196
1.56	0.107207596	0.231813078
1.561	0.106887937	0.231121885
1.562	0.107143277	0.231674002
1.563	0.108128778	0.233804933
1.564	0.109913995	0.237665077
1.565	0.112519791	0.243299541
1.566	0.116056717	0.250947375
1.567	0.120326221	0.260179247
1.568	0.125398253	0.271146412
1.569	0.130954059	0.283159632
1.57	0.136838677	0.295883837
1.571	0.142996516	0.309198823
1.572	0.149095854	0.322387312
1.573	0.155165821	0.335512294
1.574	0.16100148	0.348130637
1.575	0.166623406	0.360286828
1.576	0.171973913	0.371856133
1.577	0.177009781	0.382745101
1.578	0.181844815	0.393199809
1.579	0.186472309	0.403205756
1.58	0.190847455	0.412666056
1.581	0.195042567	0.421737073
1.582	0.199096052	0.430501852
1.583	0.202926213	0.438783741
1.584	0.20659599	0.446718834
1.585	0.210127419	0.454354779
1.586	0.213530527	0.461713259
1.587	0.216813124	0.468811162
1.588	0.219963265	0.475622655
1.589	0.223047087	0.482290747
1.59	0.226064274	0.488814758
1.591	0.228986238	0.495132868
1.592	0.231872467	0.501373711
1.593	0.234697993	0.507483295
1.594	0.237444959	0.513423011
1.595	0.240155562	0.519284099
1.596	0.242833413	0.52507437
1.597	0.245437017	0.530704096
1.598	0.247949608	0.536137026
1.599	0.250404993	0.541446262
1.6	0.252789645	0.546602553
1.601	0.255088297	0.551572886
1.602	0.257335829	0.556432685
1.603	0.259480267	0.561069566
1.604	0.261509196	0.565456681
1.605	0.263484799	0.569728493
1.606	0.265378854	0.573823974
1.607	0.267199129	0.577759923
1.608	0.268932753	0.581508507
1.609	0.270566525	0.585041185
1.61	0.272142932	0.588449821
1.611	0.273683459	0.591780874
1.612	0.27520538	0.595071697
1.613	0.276676818	0.598253362
1.614	0.278104579	0.601340585
1.615	0.27951378	0.604387674
1.616	0.280856172	0.607290304
1.617	0.282141254	0.610069014
1.618	0.283414814	0.612822812
1.619	0.284628979	0.615448178
1.62	0.285785582	0.61794908
1.621	0.28693253	0.620429106
1.622	0.287995392	0.622727313
1.623	0.288965386	0.624824714
1.624	0.289935043	0.626921385
1.625	0.290868063	0.628938838
1.626	0.291716722	0.630773879
1.627	0.292515087	0.632500169
1.628	0.293264368	0.634120325
1.629	0.293943056	0.635587841
1.63	0.294555262	0.636911604
1.631	0.295125457	0.638144526
1.632	0.295642276	0.639262034
1.633	0.296089309	0.640228647
1.634	0.296471429	0.641054897
1.635	0.296812327	0.641792014
1.636	0.297124541	0.642467109
1.637	0.297374334	0.643007233
1.638	0.297578397	0.643448474
1.639	0.297757572	0.643835901
1.64	0.297882196	0.644105373
1.641	0.297968529	0.644292051
1.642	0.298046775	0.644461239
1.643	0.298084638	0.64454311
1.644	0.298058114	0.644485758
1.645	0.298017777	0.644398538
1.646	0.297981356	0.644319786
1.647	0.297925682	0.644199402
1.648	0.297840286	0.644014753
1.649	0.297752396	0.643824709
1.65	0.297671514	0.643649818
1.651	0.297549528	0.643386051
1.652	0.297441633	0.643152751
1.653	0.297374049	0.643006617
1.654	0.297301224	0.642849149
1.655	0.297208529	0.642648714
1.656	0.297081445	0.642373925
1.657	0.296964642	0.642121362
1.658	0.296827807	0.641825488
1.659	0.296647282	0.64143514
1.66	0.296512141	0.641142928
1.661	0.296385273	0.640868603
1.662	0.296205976	0.640480913
1.663	0.296054617	0.640153632
1.664	0.295926179	0.639875912
1.665	0.295733421	0.639459115
1.666	0.295541513	0.639044156
1.667	0.295385864	0.638707599
1.668	0.295191003	0.638286255
1.669	0.294935058	0.63773283
1.67	0.294638416	0.637091405
1.671	0.294342279	0.636451075
1.672	0.294037654	0.635792389
1.673	0.293703347	0.635069523
1.674	0.293350096	0.634305694
1.675	0.292947137	0.633434384
1.676	0.292511628	0.632492689
1.677	0.292088648	0.631578088
1.678	0.291650429	0.630630534
1.679	0.291160293	0.629570721
1.68	0.290641916	0.628449844
1.681	0.29010402	0.627286761
1.682	0.289528276	0.62604184
1.683	0.288928105	0.624744101
1.684	0.288280389	0.623343557
1.685	0.287602752	0.621878315
1.686	0.286921071	0.620404327
1.687	0.286176932	0.618795289
1.688	0.28538509	0.617083104
1.689	0.284598231	0.615381693
1.69	0.283779434	0.613611222
1.691	0.282884516	0.611676156
1.692	0.281931047	0.609614488
1.693	0.280953243	0.607500199
1.694	0.279946378	0.605323074
1.695	0.278902141	0.603065138
1.696	0.277870851	0.600835197
1.697	0.276811311	0.598544174
1.698	0.275633813	0.595998091
1.699	0.274437784	0.593411938
1.7	0.273245389	0.590833645
1.701	0.271993679	0.588127093
1.702	0.270721211	0.58537566
1.703	0.269389573	0.582496282
1.704	0.267982287	0.579453333
1.705	0.266590866	0.576444687
1.706	0.26517779	0.573389218
1.707	0.263709432	0.570214213
1.708	0.262215357	0.566983601
1.709	0.260707582	0.563723367
1.71	0.259152988	0.560361896
1.711	0.25757632	0.556952695
1.712	0.255999185	0.553542483
1.713	0.254386738	0.550055918
1.714	0.252706597	0.546422979
1.715	0.251039995	0.542819315
1.716	0.249386125	0.539243182
1.717	0.247703331	0.535604505
1.718	0.245984682	0.531888303
1.719	0.244256037	0.528150485
1.72	0.242516922	0.524390027
1.721	0.240776109	0.520625896
1.722	0.239027319	0.51684452
1.723	0.237256125	0.513014699
1.724	0.235462835	0.509137099
1.725	0.233671311	0.505263318
1.726	0.231864057	0.501355525
1.727	0.230088958	0.49751726
1.728	0.228300358	0.493649803
1.729	0.226512774	0.489784541
1.73	0.224711109	0.485888834
1.731	0.222891452	0.481954222
1.732	0.221058817	0.477991547
1.733	0.219224985	0.474026286
1.734	0.217361657	0.469997244
1.735	0.215460282	0.465885935
1.736	0.213556091	0.461768536
1.737	0.211617612	0.457576997
1.738	0.209604467	0.453224011
1.739	0.207585538	0.448858516
1.74	0.205546469	0.444449474
1.741	0.203408092	0.439825699
1.742	0.201232821	0.435122148
1.743	0.199025567	0.430349442
1.744	0.196754558	0.425438881
1.745	0.194471583	0.420502445
1.746	0.192177694	0.415542409
1.747	0.189810675	0.410424247
1.748	0.187426706	0.405269432
1.749	0.185084364	0.400204627
1.75	0.182724712	0.395102395
1.751	0.180372704	0.39001669
1.752	0.178038486	0.384969452
1.753	0.175665725	0.379838873
1.754	0.173350031	0.374831688
1.755	0.171067713	0.369896672
1.756	0.168829703	0.365057464
1.757	0.166583901	0.360201406
1.758	0.164463843	0.355617242
1.759	0.162408805	0.351173671
1.76	0.160470392	0.346982273
1.761	0.15864058	0.343025704
1.762	0.156903909	0.339270532
1.763	0.155223043	0.335636024
1.764	0.15373637	0.332421418
1.765	0.15240955	0.329552459
1.766	0.151174751	0.326882475
1.767	0.150122814	0.324607889
1.768	0.149107466	0.322412421
1.769	0.148172531	0.320390828
1.77	0.147304291	0.318513448
1.771	0.146545838	0.316873458
1.772	0.145790622	0.315240468
1.773	0.14510507	0.313758111
1.774	0.144400373	0.312234358
1.775	0.143690779	0.310700016
1.776	0.143067014	0.309351258
1.777	0.142472138	0.308064969
1.778	0.141924835	0.306881546
1.779	0.14145987	0.305876161
1.78	0.140989708	0.304859537
1.781	0.14052042	0.303844805
1.782	0.14015509	0.303054858
1.783	0.139813846	0.302316991
1.784	0.139535149	0.30171437
1.785	0.139257613	0.30111426
1.786	0.138974472	0.300502028
1.787	0.138738658	0.299992133
1.788	0.138547286	0.299578331
1.789	0.138358023	0.299169092
1.79	0.138194737	0.298816022
1.791	0.138054442	0.298512665
1.792	0.137927863	0.298238965
1.793	0.137813233	0.297991101
1.794	0.137753417	0.297861764
1.795	0.13765347	0.297645649
1.796	0.13754894	0.297419626
1.797	0.137413203	0.297126125
1.798	0.137274238	0.296825643
1.799	0.137068123	0.296379963
1.8	0.136837998	0.295882369
1.801	0.136524678	0.295204884
1.802	0.136131157	0.294353978
1.803	0.135702001	0.293426024
1.804	0.135209463	0.292361017
1.805	0.134666652	0.291187306
1.806	0.134054247	0.289863114
1.807	0.133457706	0.288573223
1.808	0.132804749	0.287161346
1.809	0.132195727	0.285844468
1.81	0.131619965	0.28459951
1.811	0.130965686	0.283184774
1.812	0.130323629	0.281796465
1.813	0.129650115	0.280340138
1.814	0.128975808	0.278882095
1.815	0.128395051	0.277626334
1.816	0.127840496	0.27642723
1.817	0.12730783	0.275275456
1.818	0.126812487	0.274204384
1.819	0.126262669	0.273015522
1.82	0.125782802	0.271977916
1.821	0.125323964	0.270985779
1.822	0.124948349	0.270173592
1.823	0.124657673	0.269545069
1.824	0.124416048	0.269022607
1.825	0.124246912	0.268656888
1.826	0.12410618	0.268352585
1.827	0.123986524	0.268093855
1.828	0.123959407	0.26803522
1.829	0.123984836	0.268090205
1.83	0.124134688	0.268414228
1.831	0.123328478	0.266670975
1.832	0.12356967	0.267192499
1.833	0.123928218	0.267967782
1.834	0.124407313	0.269003719
1.835	0.124937959	0.270151126
1.836	0.125524596	0.271419601
1.837	0.12621452	0.272911412
1.838	0.126912165	0.274419917
1.839	0.127659037	0.276034864
1.84	0.128490385	0.277832474
1.841	0.129327405	0.279642348
1.842	0.130203028	0.281535692
1.843	0.131113854	0.283505154
1.844	0.13201897	0.285462271
1.845	0.132923697	0.287418546
1.846	0.133850518	0.289422594
1.847	0.13479232	0.291459035
1.848	0.135733051	0.293493161
1.849	0.136644318	0.295463577
1.85	0.137549491	0.297420817
1.851	0.138459071	0.299387586
1.852	0.139336301	0.301284405
1.853	0.140223556	0.3032029
1.854	0.141100476	0.305099049
1.855	0.141894683	0.306816349
1.856	0.142644513	0.308437692
1.857	0.143329857	0.3099196
1.858	0.143913316	0.311181202
1.859	0.144407222	0.312249168
1.86	0.14483943	0.313183723
1.861	0.145160681	0.313878358
1.862	0.145371103	0.314333351
1.863	0.145505923	0.314624869
1.864	0.145526024	0.314668332
1.865	0.145424175	0.314448106
1.866	0.145182419	0.313925362
1.867	0.14485178	0.313210427
1.868	0.144335328	0.312093712
1.869	0.143631186	0.310571158
1.87	0.142717952	0.308596488
1.871	0.141579689	0.306135244
1.872	0.140176275	0.303100667
1.873	0.138397754	0.299255002
1.874	0.136325988	0.294775259
1.875	0.134025078	0.289800042
1.876	0.131493828	0.284326764
1.877	0.128836445	0.278580752
1.878	0.126002983	0.272454008
1.879	0.123093024	0.266161856
1.88	0.120074341	0.259634611
1.881	0.116949514	0.252877853
1.882	0.113748822	0.245957053
1.883	0.110474414	0.238876861
1.884	0.107192637	0.231780732
1.885	0.103899733	0.224660545
1.886	0.100584386	0.217491828
1.887	0.097294378	0.210377903
1.888	0.094027714	0.203314454
1.889	0.090798399	0.196331763
1.89	0.087565232	0.189340743
1.891	0.084408244	0.182514444
1.892	0.0813438	0.175888251
1.893	0.07835254	0.169420304
1.894	0.075486015	0.163222067
1.895	0.072779985	0.157370868
1.896	0.070239877	0.151878435
1.897	0.067842335	0.146694274
1.898	0.065541848	0.141719973
1.899	0.063372632	0.137029515
1.9	0.061277126	0.13249844
1.901	0.059255642	0.12812742
1.902	0.057309136	0.123918525
1.903	0.055450618	0.119899885
1.904	0.053660317	0.116028749
1.905	0.051969062	0.112371777
1.906	0.05034685	0.108864099
1.907	0.048797711	0.105514423
1.908	0.047274316	0.102220413
1.909	0.045786905	0.09900421
1.91	0.04439047	0.095984723
1.911	0.043053744	0.093094345
1.912	0.041823409	0.090434014
1.913	0.040674298	0.087949311
1.914	0.039636709	0.085705752
1.915	0.038641001	0.08355275
1.916	0.037690012	0.081496443
1.917	0.036767342	0.079501369
1.918	0.035924396	0.077678683
1.919	0.035137264	0.07597668
1.92	0.034353134	0.074281171
1.921	0.033641347	0.072742086
1.922	0.032956327	0.071260879
1.923	0.032260698	0.069756733
1.924	0.031590559	0.068307703
1.925	0.030919514	0.066856714
1.926	0.030286453	0.065487859
1.927	0.029667204	0.064148867
1.928	0.029067365	0.062851845
1.929	0.028485417	0.06159351
1.93	0.02798286	0.06050684
1.931	0.027516613	0.059498682
1.932	0.027060536	0.058512516
1.933	0.026621724	0.05756368
1.934	0.026160846	0.056567131
1.935	0.02569932	0.055569182
1.936	0.025262468	0.054624586
1.937	0.024853072	0.053739355
1.938	0.024504733	0.052986148
1.939	0.024145306	0.052208967
1.94	0.02381078	0.051485627
1.941	0.023430431	0.050663205
1.942	0.023043172	0.049825841
1.943	0.022637654	0.048948996
1.944	0.022221633	0.048049442
1.945	0.021829527	0.047201598
1.946	0.021452959	0.046387353
1.947	0.021091906	0.045606653
1.948	0.020741632	0.044849261
1.949	0.020403963	0.044119127
1.95	0.020090546	0.04344143
1.951	0.019795575	0.04280362
1.952	0.019525846	0.04222039
1.953	0.019282343	0.041693866
1.954	0.019050422	0.041192388
1.955	0.018818236	0.040690337
1.956	0.018653795	0.04033477
1.957	0.018513673	0.040031787
1.958	0.018357016	0.03969305
1.959	0.018234213	0.039427514
1.96	0.018100437	0.039138253
1.961	0.017937845	0.038786683
1.962	0.017828516	0.038550284
1.963	0.017746223	0.038372343
1.964	0.017681804	0.038233051
1.965	0.017655024	0.038175144
1.966	0.017659353	0.038184505
1.967	0.017693087	0.038257448
1.968	0.017746469	0.038372873
1.969	0.017858495	0.038615105
1.97	0.018024399	0.038973837
1.971	0.018242445	0.039445314
1.972	0.018537036	0.040082303
1.973	0.018919117	0.040908469
1.974	0.019347702	0.041835192
1.975	0.01984145	0.042902814
1.976	0.020390381	0.044089757
1.977	0.02095952	0.045320396
1.978	0.021528194	0.046550031
1.979	0.022160824	0.047917956
1.98	0.02270887	0.049102986
1.981	0.023235351	0.050241386
1.982	0.023741721	0.051336301
1.983	0.024166612	0.052255036
1.984	0.02449495	0.052964994
1.985	0.0247581	0.053533999
1.986	0.024882522	0.053803036
1.987	0.024950507	0.053950037
1.988	0.025013753	0.054086794
1.989	0.025077703	0.054225071
1.99	0.025197726	0.054484596
1.991	0.025372265	0.054861998
1.992	0.02558986	0.055332498
1.993	0.025861201	0.055919214
1.994	0.026219794	0.056694593
1.995	0.02655645	0.05742254
1.996	0.026926585	0.058222875
1.997	0.027299417	0.059029043
1.998	0.027669001	0.059828188
1.999	0.028007736	0.060560629
2	0.028307259	0.061208282
2.001	0.028558888	0.061752375
2.002	0.028785132	0.06224158
2.003	0.028950096	0.062598278
2.004	0.029071183	0.062860101
2.005	0.029177229	0.063089402
2.006	0.029285593	0.063323716
2.007	0.029341099	0.063443736
2.008	0.029447005	0.063672736
2.009	0.029585794	0.063972837
2.01	0.029718408	0.064259584
2.011	0.029856563	0.064558315
2.012	0.029987531	0.064841505
2.013	0.03014143	0.065174277
2.014	0.030299614	0.065516316
2.015	0.030465923	0.065875923
2.016	0.030680592	0.066340098
2.017	0.03092109	0.066860122
2.018	0.031157681	0.067371699
2.019	0.031383853	0.067860747
2.02	0.031599043	0.06832605
2.021	0.031806823	0.068775328
2.022	0.032003183	0.069199914
2.023	0.03217747	0.06957677
2.024	0.032340664	0.069929643
2.025	0.032492679	0.070258342
2.026	0.032626618	0.070547956
2.027	0.032738885	0.070790709
2.028	0.032826502	0.07098016
2.029	0.032914044	0.071169452
2.03	0.033026428	0.071412457
2.031	0.033165932	0.071714104
2.032	0.033424552	0.072273314
2.033	0.033856273	0.073206817
2.034	0.034422266	0.074430653
2.035	0.035118041	0.075935115
2.036	0.035949684	0.077733363
2.037	0.036911948	0.079814048
2.038	0.037962333	0.082085277
2.039	0.039179229	0.084716549
2.04	0.040354479	0.087257773
2.041	0.04165215	0.090063703
2.042	0.042869842	0.092696697
2.043	0.04409127	0.095337769
2.044	0.045229523	0.097798994
2.045	0.046349697	0.100221126
2.046	0.047396849	0.102485363
2.047	0.048343863	0.104533074
2.048	0.04923734	0.106465024
2.049	0.050103066	0.108336968
2.05	0.050943138	0.110153441
2.051	0.051718214	0.111829375
2.052	0.052432397	0.11337364
2.053	0.053090495	0.114796633
2.054	0.053653845	0.116014754
2.055	0.054195746	0.117186497
2.056	0.054660074	0.118190507
2.057	0.055161242	0.119274172
2.058	0.055664306	0.120361938
2.059	0.056120133	0.121347565
2.06	0.056572126	0.122324901
2.061	0.056981253	0.123209549
2.062	0.057343547	0.123992932
2.063	0.057657659	0.12467213
2.064	0.057990145	0.125391058
2.065	0.058315255	0.126094039
2.066	0.058601107	0.126712132
2.067	0.058881822	0.127319116
2.068	0.059152058	0.127903444
2.069	0.059431594	0.128507878
2.07	0.059718724	0.129128736
2.071	0.059971928	0.129676233
2.072	0.060207549	0.130185713
2.073	0.060421235	0.130647762
2.074	0.060611205	0.131058531
2.075	0.060769795	0.131401446
2.076	0.060952296	0.131796066
2.077	0.061130254	0.13218086
2.078	0.061285083	0.132515645
2.079	0.061436358	0.132842745
2.08	0.061571736	0.13313547
2.081	0.061673306	0.133355093
2.082	0.061802354	0.13363413
2.083	0.061900778	0.13384695
2.084	0.062011538	0.134086444
2.085	0.062141743	0.134367986
2.086	0.062247525	0.134596716
2.087	0.062356395	0.134832123
2.088	0.062438311	0.135009248
2.089	0.062499308	0.135141141
2.09	0.062555501	0.135262647
2.091	0.062611892	0.13538458
2.092	0.062684718	0.135542051
2.093	0.062742548	0.135667095
2.094	0.062792223	0.135774506
2.095	0.062815127	0.135824031
2.096	0.062820152	0.135834898
2.097	0.062817468	0.135829094
2.098	0.062800313	0.135791999
2.099	0.062766969	0.1357199
2.1	0.062702875	0.13558131
2.101	0.062680957	0.135533919
2.102	0.062658737	0.135485873
2.103	0.062582254	0.135320495
2.104	0.062519113	0.135183967
2.105	0.06241382	0.134956292
2.106	0.062258714	0.134620909
2.107	0.062135525	0.13435454
2.108	0.06205345	0.134177072
2.109	0.062013874	0.134091496
2.11	0.061965874	0.133987707
2.111	0.061890629	0.133825007
2.112	0.061826054	0.133685376
2.113	0.061737125	0.133493087
2.114	0.061669596	0.133347071
2.115	0.061607811	0.133213475
2.116	0.061586867	0.133168187
2.117	0.061598719	0.133193815
2.118	0.061597159	0.133190441
2.119	0.061623874	0.133248207
2.12	0.061633252	0.133268484
2.121	0.061628965	0.133259214
2.122	0.061622626	0.133245508
2.123	0.061618023	0.133235556
2.124	0.061613848	0.133226528
2.125	0.061623272	0.133246904
2.126	0.06168524	0.133380896
2.127	0.06176416	0.133551545
2.128	0.061830528	0.13369505
2.129	0.061891296	0.133826447
2.13	0.061880652	0.133803434
2.131	0.061858952	0.133756511
2.132	0.061864252	0.133767972
2.133	0.061855553	0.133749161
2.134	0.061830311	0.133694582
2.135	0.061843524	0.133723152
2.136	0.06187144	0.133783515
2.137	0.061895968	0.133836552
2.138	0.061944926	0.133942411
2.139	0.061973681	0.134004589
2.14	0.06198643	0.134032155
2.141	0.062007608	0.134077948
2.142	0.062018618	0.134101755
2.143	0.062063692	0.134199217
2.144	0.062132476	0.134347947
2.145	0.062195123	0.134483409
2.146	0.062260428	0.134624616
2.147	0.062292663	0.134694318
2.148	0.062303151	0.134716995
2.149	0.06231836	0.134749882
2.15	0.062344602	0.134806624
2.151	0.062376843	0.134876339
2.152	0.062392209	0.134909564
2.153	0.062413884	0.13495643
2.154	0.062448699	0.13503171
2.155	0.062461346	0.135059058
2.156	0.062462449	0.135061441
2.157	0.062435697	0.135003597
2.158	0.06241846	0.134966325
2.159	0.062373103	0.134868252
2.16	0.062364027	0.134848626
2.161	0.062383602	0.134890953
2.162	0.062389624	0.134903974
2.163	0.06240856	0.13494492
2.164	0.062394464	0.134914439
2.165	0.062340674	0.13479813
2.166	0.062325839	0.134766052
2.167	0.06232469	0.134763569
2.168	0.06231705	0.134747049
2.169	0.062323035	0.134759989
2.17	0.062340743	0.134798279
2.171	0.062354045	0.134827042
2.172	0.062298806	0.134707601
2.173	0.062243522	0.134588061
2.174	0.062229035	0.134556735
2.175	0.062199668	0.134493235
2.176	0.062167902	0.134424549
2.177	0.062181035	0.134452947
2.178	0.062188685	0.134469488
2.179	0.062157927	0.13440298
2.18	0.062114884	0.13430991
2.181	0.062044455	0.134157622
2.182	0.06195623	0.133966854
2.183	0.061882755	0.13380798
2.184	0.06184896	0.133734907
2.185	0.061813898	0.133659092
2.186	0.061801582	0.133632461
2.187	0.061776132	0.133577432
2.188	0.061753639	0.133528795
2.189	0.061710903	0.133436387
2.19	0.061661828	0.133330275
2.191	0.061599907	0.133196382
2.192	0.061509733	0.133001402
2.193	0.061464771	0.132904181
2.194	0.061444015	0.1328593
2.195	0.061395696	0.13275482
2.196	0.061346488	0.132648419
2.197	0.06130117	0.132550429
2.198	0.061236679	0.132410982
2.199	0.061183726	0.132296483
2.2	0.061140263	0.132202503
2.201	0.061130355	0.132181079
2.202	0.061108837	0.132134552
2.203	0.061065863	0.132041629
2.204	0.061037361	0.131979999
2.205	0.060995833	0.131890204
2.206	0.060900926	0.131684989
2.207	0.060804809	0.131477157
2.208	0.060769092	0.131399926
2.209	0.060755355	0.131370222
2.21	0.060766196	0.131393664
2.211	0.060803863	0.13147511
2.212	0.060775655	0.131414118
2.213	0.060668693	0.131182836
2.214	0.06056208	0.130952309
2.215	0.060486597	0.130789092
2.216	0.060446542	0.130702482
2.217	0.060447426	0.130704393
2.218	0.060445256	0.130699701
2.219	0.060476558	0.130767386
2.22	0.060470348	0.130753958
2.221	0.060459034	0.130729494
2.222	0.06043528	0.13067813
2.223	0.060367608	0.130531804
2.224	0.060357804	0.130510606
2.225	0.060370995	0.130539128
2.226	0.060388213	0.130576358
2.227	0.060446918	0.130703295
2.228	0.060477641	0.130769728
2.229	0.060484956	0.130785544
2.23	0.060505504	0.130829975
2.231	0.06055026	0.130926749
2.232	0.060566986	0.130962917
2.233	0.060565956	0.130960689
2.234	0.060568199	0.13096554
2.235	0.060609798	0.131055487
2.236	0.06062638	0.131091342
2.237	0.060644919	0.131131429
2.238	0.06071174	0.131275916
2.239	0.060765013	0.131391106
2.24	0.060817618	0.131504854
2.241	0.060879468	0.13163859
2.242	0.060944439	0.131779076
2.243	0.060984008	0.131864635
2.244	0.061006956	0.131914255
2.245	0.061067944	0.132046129
2.246	0.061101868	0.132119483
2.247	0.061126169	0.132172028
2.248	0.061177257	0.132282495
2.249	0.061234693	0.132406688
2.25	0.061362815	0.132683724
2.251	0.061505527	0.132992306
2.252	0.061595102	0.133185992
2.253	0.061654091	0.133313543
2.254	0.061651944	0.133308902
2.255	0.061632493	0.133266843
2.256	0.061642404	0.133288273
2.257	0.061711487	0.13343765
2.258	0.061840181	0.133715924
2.259	0.06192361	0.133896321
2.26	0.062019173	0.134102955
2.261	0.062119109	0.134319044
2.262	0.062135613	0.134354731
2.263	0.062161709	0.134411158
2.264	0.062170914	0.134431061
2.265	0.062177437	0.134445165
2.266	0.06217361	0.134436892
2.267	0.062198146	0.134489945
2.268	0.062242874	0.134586658
2.269	0.062277197	0.134660874
2.27	0.062286407	0.134680789
2.271	0.062328638	0.134772105
2.272	0.062412563	0.134953575
2.273	0.0624333	0.134998413
2.274	0.062428346	0.134987701
2.275	0.062463934	0.135064654
2.276	0.062500034	0.135142711
2.277	0.062512212	0.135169044
2.278	0.062559764	0.135271865
2.279	0.062555988	0.135263701
2.28	0.062505988	0.135155587
2.281	0.062423829	0.134977935
2.282	0.062389065	0.134902766
2.283	0.062418884	0.134967242
2.284	0.062423137	0.134976439
2.285	0.062436617	0.135005587
2.286	0.062423233	0.134976647
2.287	0.062341739	0.134800434
2.288	0.062250794	0.134603785
2.289	0.062151278	0.134388602
2.29	0.062069703	0.134212214
2.291	0.062052376	0.134174749
2.292	0.062061289	0.134194021
2.293	0.062029316	0.134124886
2.294	0.061994682	0.134049998
2.295	0.061946648	0.133946134
2.296	0.061896363	0.133837405
2.297	0.061858817	0.133756219
2.298	0.061774596	0.13357411
2.299	0.061730721	0.133479239
2.3	0.061674572	0.133357829
2.301	0.061548853	0.13308599
2.302	0.061497382	0.132974694
2.303	0.061430218	0.132829467
2.304	0.061258637	0.132458461
2.305	0.061151569	0.132226949
2.306	0.06110154	0.132118772
2.307	0.060997199	0.131893158
2.308	0.060906641	0.131697346
2.309	0.060802744	0.131472692
2.31	0.060589347	0.131011268
2.311	0.060349886	0.130493485
2.312	0.060167697	0.130099541
2.313	0.060011051	0.129760828
2.314	0.059853829	0.12942087
2.315	0.059710745	0.129111481
2.316	0.059556388	0.128777719
2.317	0.059351977	0.128335724
2.318	0.05908916	0.127767439
2.319	0.058816286	0.12717741
2.32	0.058532033	0.126562775
2.321	0.058169044	0.125777889
2.322	0.05777502	0.124925898
2.323	0.057434517	0.124189635
2.324	0.057180147	0.123639614
2.325	0.056909513	0.123054427
2.326	0.056550386	0.122277893
2.327	0.056141149	0.121393008
2.328	0.055695056	0.120428429
2.329	0.055240514	0.11944558
2.33	0.054825472	0.118548142
2.331	0.05443585	0.11770567
2.332	0.053997992	0.116758898
2.333	0.053586282	0.115868663
2.334	0.0532151	0.115066064
2.335	0.052799639	0.11416772
2.336	0.05235629	0.113209074
2.337	0.051839304	0.112091205
2.338	0.051300426	0.110925999
2.339	0.050878461	0.110013591
2.34	0.050431957	0.109048124
2.341	0.049937963	0.107979969
2.342	0.049533982	0.107106449
2.343	0.049046921	0.106053286
2.344	0.048527304	0.104929726
2.345	0.048093262	0.103991206
2.346	0.047646942	0.103026135
2.347	0.047243975	0.102154806
2.348	0.046824848	0.101248535
2.349	0.046344391	0.100209652
2.35	0.04581913	0.09907389
2.351	0.045200621	0.097736499
2.352	0.044675713	0.0966015
2.353	0.044253257	0.095688031
2.354	0.043751541	0.094603178
2.355	0.0433566	0.093749205
2.356	0.042977465	0.092929408
2.357	0.042456862	0.091803718
2.358	0.042025389	0.090870751
2.359	0.041601377	0.089953917
2.36	0.041179425	0.089041539
2.361	0.040794099	0.088208354
2.362	0.0403548	0.087258465
2.363	0.039956798	0.086397873
2.364	0.039522229	0.085458214
2.365	0.039086268	0.084515543
2.366	0.038693393	0.083666036
2.367	0.038209009	0.082618661
2.368	0.037771073	0.081671719
2.369	0.037389738	0.080847166
2.37	0.037047276	0.080106667
2.371	0.036780121	0.079529
2.372	0.036434206	0.078781035
2.373	0.036134788	0.078133609
2.374	0.035804053	0.077418467
2.375	0.035334328	0.076402788
2.376	0.034971908	0.075619135
2.377	0.034605491	0.074826837
2.378	0.034195421	0.073940152
2.379	0.033924171	0.073353632
2.38	0.033682172	0.072830361
2.381	0.033388937	0.072196305
2.382	0.033054793	0.071473792
2.383	0.032725368	0.070761481
2.384	0.032418942	0.070098902
2.385	0.032007104	0.069208392
2.386	0.031625905	0.068384131
2.387	0.031337387	0.067760274
2.388	0.031037833	0.067112554
2.389	0.030892143	0.066797531
2.39	0.030837655	0.066679712
2.391	0.030621819	0.066213015
2.392	0.030367418	0.065662929
2.393	0.030084205	0.065050541
2.394	0.029739941	0.064306146
2.395	0.029583074	0.063966954
2.396	0.029449686	0.063678531
2.397	0.029303223	0.063361839
2.398	0.029255442	0.063258522
2.399	0.029096778	0.062915446
2.4	0.028927554	0.062549536
2.401	0.028775143	0.06221998
2.402	0.028628537	0.061902976
2.403	0.028616032	0.061875937
2.404	0.02854814	0.061729135
2.405	0.028461955	0.061542779
2.406	0.028442903	0.061501583
2.407	0.028242231	0.061067673
2.408	0.028089259	0.060736906
2.409	0.028082474	0.060722233
2.41	0.027954886	0.060446353
2.411	0.027897285	0.060321802
2.412	0.027868017	0.060258516
2.413	0.027757347	0.060019219
2.414	0.027625491	0.059734107
2.415	0.027448307	0.059350985
2.416	0.027389802	0.059224483
2.417	0.027249952	0.058922087
2.418	0.027006612	0.058395918
2.419	0.026968844	0.058314251
2.42	0.026850554	0.058058474
2.421	0.026713622	0.05776239
2.422	0.026696221	0.057724765
2.423	0.026484972	0.057267984
2.424	0.026254752	0.056770183
2.425	0.026083932	0.056400821
2.426	0.025876324	0.055951916
2.427	0.025733485	0.055643057
2.428	0.025617088	0.055391373
2.429	0.02550633	0.055151884
2.43	0.0253997	0.05492132
2.431	0.02524911	0.054595701
2.432	0.024933932	0.053914197
2.433	0.024498544	0.052972766
2.434	0.024347942	0.052647122
2.435	0.024347364	0.052645872
2.436	0.024258137	0.052452938
2.437	0.02432876	0.052605644
2.438	0.024205618	0.052339376
2.439	0.023906584	0.051692781
2.44	0.023794829	0.051451135
2.441	0.023690999	0.051226626
2.442	0.023575756	0.050977437
2.443	0.023497972	0.050809247
2.444	0.023498003	0.050809314
2.445	0.023597241	0.051023895
2.446	0.023590852	0.051010079
2.447	0.023612068	0.051055954
2.448	0.02350481	0.050824033
2.449	0.023195643	0.050155527
2.45	0.023102046	0.049953144
2.451	0.023073824	0.049892119
2.452	0.023104075	0.049957529
2.453	0.023066763	0.04987685
2.454	0.022858881	0.049427353
2.455	0.022739585	0.0491694
2.456	0.022679509	0.049039499
2.457	0.022402094	0.04843965
2.458	0.022157857	0.04791154
2.459	0.022025993	0.047626412
2.46	0.022088857	0.047762342
2.461	0.022265078	0.048143383
2.462	0.022361302	0.048351446
2.463	0.022486505	0.04862217
2.464	0.022280808	0.048177395
2.465	0.021993288	0.047555696
2.466	0.022194497	0.047990765
2.467	0.022235726	0.048079914
2.468	0.022003777	0.047578377
2.469	0.022008189	0.047587916
2.47	0.021701274	0.046924279
2.471	0.021402859	0.046279022
2.472	0.02148616	0.046459142
2.473	0.021422809	0.046322159
2.474	0.021658148	0.046831029
2.475	0.021877203	0.047304686
2.476	0.021788696	0.04711331
2.477	0.021714998	0.046953953
2.478	0.021287555	0.046029702
2.479	0.021115242	0.045657112
2.48	0.021149016	0.04573014
2.481	0.021157138	0.045747703
2.482	0.02117633	0.045789202
2.483	0.021251123	0.045950926
2.484	0.021460479	0.046403612
2.485	0.021550219	0.046597656
2.486	0.021656324	0.046827084
2.487	0.021693932	0.046908404
2.488	0.021499742	0.04648851
2.489	0.021553967	0.046605759
2.49	0.021828725	0.047199864
2.491	0.021930196	0.047419272
2.492	0.022119447	0.047828488
2.493	0.021810978	0.04716149
2.494	0.021602185	0.046710021
2.495	0.021563187	0.046625696
2.496	0.021606353	0.046719032
2.497	0.022307189	0.048234437
2.498	0.022871867	0.049455432
2.499	0.022833061	0.049371521
2.5	0.022850473	0.04940917
