MgSO4.12H2O 100K NIR reflectance spectra from Dalton (2005)
Digitized 2/28/2021 by Ryleigh Davis
Wavelength (um)          Reflectance (assumed offset of 0.15)
7.073379953379954621e-01 6.574702118721259536e-01
7.184770784770786456e-01 6.567706881104010685e-01
7.296161616161617181e-01 6.554234571618940963e-01
7.407552447552447905e-01 6.536228311826397519e-01
7.518943278943279740e-01 6.515631223286725282e-01
7.630334110334111575e-01 6.494386427560289166e-01
7.741724941724943410e-01 6.477916159096399618e-01
7.853115773115774134e-01 6.462926364202299379e-01
7.964506604506604859e-01 6.452415001856806054e-01
8.075897435897436694e-01 6.445012634007867280e-01
8.187288267288268528e-01 6.433520457922389246e-01
8.298679098679100363e-01 6.421065974016549882e-01
8.410069930069931088e-01 6.401912347207421305e-01
8.521460761460761812e-01 6.377959518576229447e-01
8.577156177156177730e-01 6.346690683054336812e-01
8.688547008547009565e-01 6.309863903005864527e-01
8.753524993524994802e-01 6.269829430222854105e-01
8.855633255633257317e-01 6.229918330237325108e-01
8.967024087024088042e-01 6.197458947219729453e-01
9.022719502719502849e-01 6.169453322191242872e-01
9.134110334110334684e-01 6.139924043113852425e-01
9.245501165501166518e-01 6.106483846356269840e-01
9.356891996891998353e-01 6.074116992936784420e-01
9.468282828282830188e-01 6.039973571233554495e-01
9.579673659673659802e-01 6.002017930088120456e-01
9.579673659673659802e-01 5.961138353642355669e-01
9.663216783216783679e-01 5.918593244430581102e-01
9.691064491064491637e-01 5.877935739020283545e-01
9.802455322455323472e-01 5.836963632976406302e-01
9.858150738150739389e-01 5.789995608974890517e-01
9.913846153846155307e-01 5.734329802750869343e-01
9.969541569541571224e-01 5.675517990191051299e-01
1.002523698523698492e+00 5.624959817782799743e-01
1.013662781662781676e+00 5.597385997545502034e-01
1.024801864801864859e+00 5.575055521201205400e-01
1.035940947940948043e+00 5.586337963530961792e-01
1.047080031080031226e+00 5.601716382737133015e-01
1.059147371147371341e+00 5.636643221704376039e-01
1.055434343434343614e+00 5.684012207297710617e-01
1.069358197358197371e+00 5.727445600651359658e-01
1.066573426573426575e+00 5.756135944705870200e-01
1.080497280497280554e+00 5.772081878780460640e-01
1.091636363636363738e+00 5.770064733541624413e-01
1.102775446775446921e+00 5.765271700359435592e-01
1.102775446775446921e+00 5.732941858779194710e-01
1.113914529914529883e+00 5.706570923317350053e-01
1.113914529914529883e+00 5.657474718559263316e-01
1.125053613053613066e+00 5.625644536808825924e-01
1.125053613053613066e+00 5.598921988874157041e-01
1.136192696192696250e+00 5.571514721913459756e-01
1.136192696192696250e+00 5.540147188153580204e-01
1.144547008547008637e+00 5.501007168152316495e-01
1.147331779331779433e+00 5.451559350921404423e-01
1.147331779331779433e+00 5.395190319751735908e-01
1.153829577829577735e+00 5.328680044629020562e-01
1.158470862470862617e+00 5.258579621099569446e-01
1.158470862470862617e+00 5.183149492718882589e-01
1.164040404040404209e+00 5.113123092867921660e-01
1.164040404040404209e+00 5.046076146076158286e-01
1.169609945609945578e+00 4.982082676022081547e-01
1.169609945609945578e+00 4.921882919490586095e-01
1.175179487179487170e+00 4.861127985370420346e-01
1.175179487179487170e+00 4.800835699240813548e-01
1.180749028749028762e+00 4.734251400439608570e-01
1.180749028749028762e+00 4.661356583047183144e-01
1.187246827246827285e+00 4.584649546212554161e-01
1.192816368816368877e+00 4.502446251250088460e-01
1.198385910385910469e+00 4.426534968959220939e-01
1.203027195027195129e+00 4.357933524919180290e-01
1.208596736596736720e+00 4.295309492917157579e-01
1.208596736596736720e+00 4.239662192612759783e-01
1.216951048951049108e+00 4.191787378549748366e-01
1.219735819735819904e+00 4.143838540808246762e-01
1.225305361305361274e+00 4.097481212154268637e-01
1.236444444444444457e+00 4.051068365741422039e-01
1.247583527583527641e+00 4.026825611036146668e-01
1.244798756798756845e+00 4.002626036809991961e-01
1.258722610722610824e+00 4.010688449125461297e-01
1.269861693861694008e+00 4.026696069598792449e-01
1.281929033929033901e+00 4.054294564395586331e-01
1.278216006216006173e+00 4.086396166300484967e-01
1.292139860139860152e+00 4.119336703228262953e-01
1.289355089355089357e+00 4.138422474998776357e-01
1.303278943278943336e+00 4.146762476108580286e-01
1.314418026418026519e+00 4.142543126434684586e-01
1.325557109557109703e+00 4.135992030888373527e-01
1.325557109557109703e+00 4.108288669213718824e-01
1.336696192696192664e+00 4.083435219160906904e-01
1.333911421911421868e+00 4.042814725589854996e-01
1.342265734265734256e+00 3.996913876286559142e-01
1.347835275835275848e+00 3.950581222192075526e-01
1.353404817404817440e+00 3.906500121651645396e-01
1.359902615902615963e+00 3.862838488622653554e-01
1.370113442113442215e+00 3.819855405979816210e-01
1.381252525252525398e+00 3.769630340124766055e-01
1.386822066822066768e+00 3.714013883019738338e-01
1.393319865319865292e+00 3.654875132546591132e-01
1.398889406889406883e+00 3.590604073698180354e-01
1.404458948458948475e+00 3.523001949317745574e-01
1.400745920745920747e+00 3.449774025372118191e-01
1.409100233100233135e+00 3.378544740745703656e-01
1.409100233100233135e+00 3.308481329055497633e-01
1.409100233100233135e+00 3.241304840826377265e-01
1.415598031598031659e+00 3.171833618564086632e-01
1.414669774669774727e+00 3.097476833521495831e-01
1.420239316239316318e+00 3.025007652280384263e-01
1.420239316239316318e+00 2.954204003805284140e-01
1.420239316239316318e+00 2.887508669486346102e-01
1.423024087024087114e+00 2.823034045522088142e-01
1.425808857808857910e+00 2.758892528111033804e-01
1.425808857808857910e+00 2.695491247484871900e-01
1.425808857808857910e+00 2.628536830291220427e-01
1.431378399378399502e+00 2.559435726421376289e-01
1.431378399378399502e+00 2.491093365256048797e-01
1.431378399378399502e+00 2.422565944894497225e-01
1.436947940947941094e+00 2.354593702121616505e-01
1.436947940947941094e+00 2.287916873722299627e-01
1.436947940947941094e+00 2.223275696481440966e-01
1.442517482517482685e+00 2.157376116706262725e-01
1.442517482517482685e+00 2.093197587455963571e-01
1.448087024087024277e+00 2.028315833260014578e-01
1.448087024087024277e+00 1.963816534736261277e-01
1.453656565656565869e+00 1.903252828452193235e-01
1.459226107226107239e+00 1.845791948024805562e-01
1.465723905723905762e+00 1.793673109728402271e-01
1.475934731934732014e+00 1.752670160485155504e-01
1.487073815073815197e+00 1.734219758621675933e-01
1.484289044289044401e+00 1.715991427793664426e-01
1.498212898212898381e+00 1.722542523339975762e-01
1.509351981351981342e+00 1.728445911699505178e-01
1.521419321419321458e+00 1.743404863394236448e-01
1.517706293706293730e+00 1.780509232237043049e-01
1.531630147630147709e+00 1.813653334280666829e-01
1.528845376845376913e+00 1.848870099321993365e-01
1.538127946127946233e+00 1.883494674935404789e-01
1.549267029267029416e+00 1.918588067179249068e-01
1.545554001554001688e+00 1.956556045604431471e-01
1.559477855477855668e+00 1.983815265208147827e-01
1.571545195545195561e+00 2.022480299939105330e-01
1.582684278684278745e+00 2.044255598694733334e-01
1.592895104895104996e+00 2.072878087710630368e-01
1.604034188034188180e+00 2.107175725410714018e-01
1.615173271173271363e+00 2.141103244718350340e-01
1.626312354312354325e+00 2.167986177289746574e-01
1.637451437451437508e+00 2.201716300121411563e-01
1.649518777518777624e+00 2.221801391551532778e-01
1.660657860657860807e+00 2.244822755561732552e-01
1.656944832944833079e+00 2.286590616149369593e-01
1.670868686868687059e+00 2.317884126230758679e-01
1.668083916083916263e+00 2.349843849418552233e-01
1.677366485366485360e+00 2.398187480111996783e-01
1.687577311577311612e+00 2.436352855013150243e-01
1.684792540792540816e+00 2.485486071610482905e-01
1.694075110075110135e+00 2.526809790127183541e-01
1.704285936285936387e+00 2.580236380076899594e-01
1.701501165501165591e+00 2.614786932011821108e-01
1.716353276353276280e+00 2.655826893094312968e-01
1.726564102564102754e+00 2.697434369045223490e-01
1.737703185703185715e+00 2.717476279996224320e-01
1.748842268842268899e+00 2.736210439293913499e-01
1.759981351981352082e+00 2.756190663846174727e-01
1.771120435120435266e+00 2.757023430229179617e-01
1.782259518259518449e+00 2.763185901463420802e-01
1.793398601398601411e+00 2.775048195941345330e-01
1.804537684537684594e+00 2.786244277312864837e-01
1.815676767676767778e+00 2.789242236291684662e-01
1.826815850815850961e+00 2.788539011346035656e-01
1.837954933954934145e+00 2.761594392375897877e-01
1.849094017094017106e+00 2.734723797084249730e-01
1.854663558663558698e+00 2.697471380884464143e-01
1.861161357161357222e+00 2.648486211644111576e-01
1.865802641802641881e+00 2.597280332049076712e-01
1.868587412587412677e+00 2.545112144633680518e-01
1.871372183372183473e+00 2.497385377927647254e-01
1.876941724941725065e+00 2.449214469150677309e-01
1.874156954156954269e+00 2.392438307749316095e-01
1.882511266511266657e+00 2.329314615917490172e-01
1.882511266511266657e+00 2.250368362808557177e-01
1.889009065009065180e+00 2.184561312631491115e-01
1.893650349650349618e+00 2.114590430539396715e-01
1.893650349650349618e+00 2.039622950149268810e-01
1.900148148148148364e+00 1.973057157267686379e-01
1.896435120435120414e+00 1.912228199469031276e-01
1.904789432789432801e+00 1.858468502966112712e-01
1.904789432789432801e+00 1.805412031408843987e-01
1.902004662004662006e+00 1.747655056267498341e-01
1.910358974358974393e+00 1.688806231868434371e-01
1.910358974358974393e+00 1.625960128830944151e-01
1.915928515928515985e+00 1.561744587741399071e-01
1.915928515928515985e+00 1.496622256590359190e-01
1.921498057498057577e+00 1.428538978299744577e-01
1.921498057498057577e+00 1.363860789219641656e-01
1.927067599067599168e+00 1.300292955316879051e-01
1.927067599067599168e+00 1.235540742558286637e-01
1.932637140637140760e+00 1.164607552645830768e-01
1.938206682206682352e+00 1.100743624029111162e-01
1.943776223776223944e+00 1.046317714419788686e-01
1.949345765345765313e+00 1.001218788300129309e-01
1.960484848484848497e+00 9.733673792684974235e-02
1.971623931623931680e+00 9.682967572919751187e-02
1.982763014763014864e+00 9.825339781214348367e-02
1.993902097902098047e+00 1.021963924196782614e-01
2.005041181041181009e+00 1.057458278032444854e-01
2.017108521108521124e+00 1.104710059468171218e-01
2.027319347319347376e+00 1.135762992594469972e-01
2.038458430458430559e+00 1.180152525128606855e-01
2.035673659673659763e+00 1.207183505056981937e-01
2.050525770525770675e+00 1.239618213515081835e-01
2.046812742812742947e+00 1.257791026584226812e-01
2.061664853664853858e+00 1.293359404098377852e-01
2.057951825951825686e+00 1.322216301429491314e-01
2.072803936803937042e+00 1.370677136280544217e-01
2.069090909090908870e+00 1.395721814169453845e-01
2.083943019943019781e+00 1.436558210136100189e-01
2.080229992229992053e+00 1.471349339026112590e-01
2.095082103082102964e+00 1.524572363859983404e-01
2.091369075369075237e+00 1.569603434941027609e-01
2.105292929292929216e+00 1.630068442987109845e-01
2.116432012432012399e+00 1.678060461207729614e-01
2.128499352499352515e+00 1.741905883904827368e-01
2.138710178710178766e+00 1.790107635881166837e-01
2.149849261849261950e+00 1.843700779107484145e-01
2.160988344988345133e+00 1.870262942405425954e-01
2.172127428127427873e+00 1.894518034390448857e-01
2.183266511266511056e+00 1.914837534135785946e-01
2.194405594405594240e+00 1.937414756075049593e-01
2.205544677544677423e+00 1.958585528123014396e-01
2.216683760683760607e+00 1.981162750062277766e-01
2.227822843822843790e+00 1.996411627831091717e-01
2.238961926961926974e+00 2.005676924922012994e-01
2.250101010101010157e+00 2.004739291661146450e-01
2.261240093240093341e+00 1.988972248142906185e-01
2.267737891737891864e+00 1.958758250039487059e-01
2.277948717948717672e+00 1.915170640688985126e-01
2.289087801087800855e+00 1.872125871647405959e-01
2.295585599585599823e+00 1.833121561723372317e-01
2.305796425796425630e+00 1.795751941365979765e-01
2.305796425796425630e+00 1.759517350745424535e-01
2.314150738150738018e+00 1.721314964005026260e-01
2.316935508935508814e+00 1.682125594884768816e-01
2.322505050505050406e+00 1.641227512519381204e-01
2.328074592074591997e+00 1.595147772659736840e-01
2.333644133644133589e+00 1.544811671286952515e-01
2.339213675213675181e+00 1.490490628555489472e-01
2.344783216783216773e+00 1.441511627955010810e-01
2.350352758352758364e+00 1.398263293797585294e-01
2.356850556850556888e+00 1.356008110659892851e-01
2.367061383061383140e+00 1.314887957259037732e-01
2.364276612276612344e+00 1.284026251968836685e-01
2.378200466200466323e+00 1.251264605597408597e-01
2.384698264698264847e+00 1.229279573086060895e-01
2.394909090909090654e+00 1.212389837110732504e-01
2.406048174048173838e+00 1.193587822774428014e-01
2.408832944832944634e+00 1.179424625623458761e-01
2.417187257187257021e+00 1.166495156447312359e-01
2.428326340326340205e+00 1.153874119264871462e-01
2.425541569541569409e+00 1.137477874479471684e-01
2.439465423465423388e+00 1.114456510469271772e-01
2.436680652680652592e+00 1.090694909674175817e-01
2.450604506604506572e+00 1.065711918184007040e-01
2.461743589743589755e+00 1.040136737265923289e-01
2.461743589743589755e+00 1.014598568187084493e-01
2.472882672882672495e+00 9.897266122146503031e-02
