Na2SO4.10H2O 100K NIR reflectance spectra from Dalton (2005)
Digitized 2/28/2021 by Ryleigh Davis
Wavelength (um)          Reflectance (assumed offset of 0.1)
7.190620301402418368e-01 7.826941345182889531e-01
7.163056477383282772e-01 7.821606675726990865e-01
7.300875597478957424e-01 7.814988752450082732e-01
7.411130893555495369e-01 7.807096741450886279e-01
7.466258541593765452e-01 7.797939808828124875e-01
7.521386189632034425e-01 7.787527120680540760e-01
7.631641485708573480e-01 7.776821117373848846e-01
7.686769133746842453e-01 7.761495400311532178e-01
7.797024429823381508e-01 7.746756313567391139e-01
7.852152077861651591e-01 7.734217090516403159e-01
7.962407373938189536e-01 7.718121421161482365e-01
8.072662670014728592e-01 7.710605220209867383e-01
8.182917966091267647e-01 7.702685710914505268e-01
8.293173262167806703e-01 7.694601211842158062e-01
8.403428558244345759e-01 7.684793486210171887e-01
8.513683854320883704e-01 7.672327591948956416e-01
8.486120030301749217e-01 7.657221861255955053e-01
8.623939150397422759e-01 7.638645234513753435e-01
8.623939150397422759e-01 7.610071449432653790e-01
8.734194446473961815e-01 7.581253235052314299e-01
8.798510035851943023e-01 7.551878944016207074e-01
8.899577390588769843e-01 7.520207017567248631e-01
8.899577390588769843e-01 7.490417196722432003e-01
9.009832686665308898e-01 7.463884396289982570e-01
9.064960334703577871e-01 7.439490352225879288e-01
9.175215630780116927e-01 7.417785030453410977e-01
9.285470926856655982e-01 7.398646216322958269e-01
9.340598574894924955e-01 7.378590792320356417e-01
9.450853870971465120e-01 7.353487903288458138e-01
9.450853870971465120e-01 7.326857331136313878e-01
9.561109167048003066e-01 7.300550627805661996e-01
9.625424756425984274e-01 7.270589706451376921e-01
9.726492111162812204e-01 7.247130604456863967e-01
9.698928287143675497e-01 7.222125487144663847e-01
9.836747407239350149e-01 7.186004947449545766e-01
9.836747407239350149e-01 7.154663000554558616e-01
9.947002703315888095e-01 7.128356297223906735e-01
9.947002703315888095e-01 7.094423399756979443e-01
1.000213035135415929e+00 7.057667343883837763e-01
1.002969417537329377e+00 7.014091710561913828e-01
1.011238564743069723e+00 6.974439167492784142e-01
1.011238564743069723e+00 6.930240239457799989e-01
1.022264094350723518e+00 6.893520847979544008e-01
1.022264094350723518e+00 6.854234948859274645e-01
1.033289623958377534e+00 6.813830785694983128e-01
1.030533241556464086e+00 6.816458400661808970e-01
1.044315153566031329e+00 6.819024908303824573e-01
1.055340683173685346e+00 6.845765473640627041e-01
1.061772242111483466e+00 6.877419067892145410e-01
1.072797771719137261e+00 6.918935384367975727e-01
1.069122595183252589e+00 6.960231714474490738e-01
1.083823301326791055e+00 6.995515083819714430e-01
1.080148124790906383e+00 7.018039243744635947e-01
1.093930036800473848e+00 7.022487856990793365e-01
1.091173654398560400e+00 7.016719325528739670e-01
1.104955566408127643e+00 7.008115414195510429e-01
1.104955566408127643e+00 6.980213809687318971e-01
1.115981096015781660e+00 6.959315104602340485e-01
1.127006625623435454e+00 6.930130246273141781e-01
1.124250243221522005e+00 6.908131609341586765e-01
1.138032155231089471e+00 6.869982306462779631e-01
1.138032155231089471e+00 6.846792076697431062e-01
1.149057684838743265e+00 6.805746286622635921e-01
1.149057684838743265e+00 6.777973007496546076e-01
1.154570449642570162e+00 6.748513166205702962e-01
1.157326832044483611e+00 6.711207144409273573e-01
1.160083214446397060e+00 6.657640463480933857e-01
1.162839596848310508e+00 6.610673373632061089e-01
1.166514773384195180e+00 6.564622893655338576e-01
1.172027538188022078e+00 6.509003006613386377e-01
1.176621508857877973e+00 6.425958152196762363e-01
1.179377891259791422e+00 6.366598496876447744e-01
1.183053067795676094e+00 6.285918495929964100e-01
1.188565832599502992e+00 6.241132937576806539e-01
1.193159803269358887e+00 6.186576317986548501e-01
1.195916185671272336e+00 6.144778907816592639e-01
1.198672568073185785e+00 6.100158339240417948e-01
1.201428950475099233e+00 6.074456598425383991e-01
1.204185332877012682e+00 6.046023360191348228e-01
1.206941715278926130e+00 6.009853934636381068e-01
1.209698097680839579e+00 5.957350521159734402e-01
1.215210862484666476e+00 5.915198688505879376e-01
1.220723627288493596e+00 5.856798418185080735e-01
1.226236392092320493e+00 5.813699421996673111e-01
1.232667951030118392e+00 5.757981763235026085e-01
1.242774686503801185e+00 5.720205215037560409e-01
1.242774686503801185e+00 5.688288859289359900e-01
1.253800216111455201e+00 5.655468115133975848e-01
1.253800216111455201e+00 5.634300537819835197e-01
1.264825745719108996e+00 5.614758415345636466e-01
1.275851275326763012e+00 5.604199069618488460e-01
1.273094892924849342e+00 5.586111301474765423e-01
1.286876804934416807e+00 5.581833788738074231e-01
1.297902334542070601e+00 5.577214074982448366e-01
1.309846658283695620e+00 5.583838108991838745e-01
1.306171481747811169e+00 5.592649785229423243e-01
1.319953393757378413e+00 5.611861928149649570e-01
1.317197011355464964e+00 5.623105675914666923e-01
1.330978923365032429e+00 5.643136656987344235e-01
1.328222540963118758e+00 5.654447622809652962e-01
1.342004452972686224e+00 5.660552244558159085e-01
1.339248070570772775e+00 5.641725077784235376e-01
1.350273600178426570e+00 5.625586633301946637e-01
1.353029982580340018e+00 5.589331657492244698e-01
1.364055512187994035e+00 5.557305308559388202e-01
1.370487071125791934e+00 5.517151685426816554e-01
1.380593806599474727e+00 5.481739990699493470e-01
1.380593806599474727e+00 5.444837277246806773e-01
1.391619336207128743e+00 5.399898950581624169e-01
1.388862953805215295e+00 5.365697180885534712e-01
1.397132101010955640e+00 5.326961247688553058e-01
1.403563659948753761e+00 5.281185750673473844e-01
1.408157630618609435e+00 5.233723691493642471e-01
1.410914013020522884e+00 5.180798637475806379e-01
1.414589189556407556e+00 5.127433610719339674e-01
1.410914013020522884e+00 5.073115309695839237e-01
1.419183160226263452e+00 5.018852005264667904e-01
1.419183160226263452e+00 4.960188973447184346e-01
1.424695925030090349e+00 4.874815929955304550e-01
1.424695925030090349e+00 4.833916797460052206e-01
1.424695925030090349e+00 4.786821382229080046e-01
1.430208689833917246e+00 4.739285994259476720e-01
1.430208689833917246e+00 4.693638822626497453e-01
1.432965072235830695e+00 4.646745061567396640e-01
1.435721454637744143e+00 4.595488237516870966e-01
1.435721454637744143e+00 4.537118520858475779e-01
1.435721454637744143e+00 4.466961201244254998e-01
1.442153013575542264e+00 4.387124481380149654e-01
1.441234219441571041e+00 4.301458122729181488e-01
1.447665778379369161e+00 4.246883170941479491e-01
1.446746984245397938e+00 4.183838743935127669e-01
1.443990601843484489e+00 4.120317679795260646e-01
1.453178543183196059e+00 4.055495029636941307e-01
1.452259749049225057e+00 3.975071679454661999e-01
1.458691307987022956e+00 3.906014291687018303e-01
1.464204072790850075e+00 3.825645938097068099e-01
1.469716837594676973e+00 3.759393376538198162e-01
1.474310808264532646e+00 3.692389194884167503e-01
1.477067190666446317e+00 3.648373588823612956e-01
1.479823573068359766e+00 3.614147376197600070e-01
1.482579955470273214e+00 3.581021095418165934e-01
1.485336337872186663e+00 3.560507366479489511e-01
1.488092720274100111e+00 3.528138816527698340e-01
1.496361867479840457e+00 3.505895750296902924e-01
1.493605485077927009e+00 3.494664223996847841e-01
1.508306191221465475e+00 3.495012535748264204e-01
1.504631014685581025e+00 3.509293317556333447e-01
1.519331720829119492e+00 3.525462315701026750e-01
1.515656544293234820e+00 3.561576744663665361e-01
1.530357250436773286e+00 3.596701234964382876e-01
1.526682073900888614e+00 3.635162185199720120e-01
1.540463985910456080e+00 3.673525363715361425e-01
1.551489515518109874e+00 3.698994896696117252e-01
1.562515045125763891e+00 3.725185496109631456e-01
1.573540574733417685e+00 3.729634109355789984e-01
1.573540574733417685e+00 3.735928163811206848e-01
1.584566104341071480e+00 3.710519738155259595e-01
1.590997663278869600e+00 3.688056685555148873e-01
1.601104398752552394e+00 3.664725908942736976e-01
1.612129928360206188e+00 3.641773997744147118e-01
1.617642693164033307e+00 3.629173667368350009e-01
1.623155457967860205e+00 3.608409398397953716e-01
1.634180987575513999e+00 3.603313047508809874e-01
1.631424605173600551e+00 3.586227439491967983e-01
1.645206517183168016e+00 3.577647971088662171e-01
1.642450134781254567e+00 3.578381258986380598e-01
1.656232046790821810e+00 3.585457487199364968e-01
1.653475664388908362e+00 3.629198110298275659e-01
1.661744811594648707e+00 3.661866086141636889e-01
1.667257576398475605e+00 3.717082664839841954e-01
1.672770341202302724e+00 3.754480347623488368e-01
1.678283106006129621e+00 3.804160602693918980e-01
1.675526723604216173e+00 3.833565447392432435e-01
1.683795870809956519e+00 3.864400203491496488e-01
1.681039488408043070e+00 3.877306070491343126e-01
1.689308635613783416e+00 3.906784243979627425e-01
1.686552253211869967e+00 3.933512587851468734e-01
1.695740194551581537e+00 3.975823299549827716e-01
1.692065018015696864e+00 4.013905384371342921e-01
1.705846930025264330e+00 4.063072337913370968e-01
1.703090547623350881e+00 4.103965359676142177e-01
1.712278488963062228e+00 4.155209962261705026e-01
1.723304018570716245e+00 4.186338033519856894e-01
1.719628842034831573e+00 4.237484864385725469e-01
1.733410754044399038e+00 4.263443255964959877e-01
1.730654371642485589e+00 4.297614471998643659e-01
1.745355077786024056e+00 4.312903524666074628e-01
1.755461813259706849e+00 4.333337814082497408e-01
1.766487342867360644e+00 4.366739077823577619e-01
1.777512872475014438e+00 4.381465943102758054e-01
1.788538402082668455e+00 4.403110157550416126e-01
1.799563931690322249e+00 4.412129598692354215e-01
1.810589461297976266e+00 4.425585431615489673e-01
1.810589461297976266e+00 4.431415070402351386e-01
1.821614990905630060e+00 4.427491980149557138e-01
1.832640520513283855e+00 4.408023186465129251e-01
1.843666050120937872e+00 4.377500077722595306e-01
1.850097609058735992e+00 4.328406452970339213e-01
1.857447962130505115e+00 4.292878654325876231e-01
1.860204344532418563e+00 4.249028038042307331e-01
1.860204344532418563e+00 4.202684242906494783e-01
1.865717109336245683e+00 4.153627282549124944e-01
1.868473491738159131e+00 4.094524277993011330e-01
1.872148668274043803e+00 4.024385290576232843e-01
1.877661433077870701e+00 3.952486412204930244e-01
1.883174197881697598e+00 3.876187806447316531e-01
1.888686962685524717e+00 3.798477621486595623e-01
1.885011786149639823e+00 3.717229322419381976e-01
1.893280933355380391e+00 3.653726590476956138e-01
1.893280933355380391e+00 3.590040536560102358e-01
1.899712492293178512e+00 3.529580949393208988e-01
1.898793698159207288e+00 3.469048033436544221e-01
1.905225257097005409e+00 3.404408705252655043e-01
1.901550080561120737e+00 3.340246014202282732e-01
1.909819227766861083e+00 3.280354725156121587e-01
1.909819227766861083e+00 3.223066608146861745e-01
1.915331992570687980e+00 3.166731765404635079e-01
1.915331992570687980e+00 3.106730483173815727e-01
1.915331992570687980e+00 3.035803211266990265e-01
1.921763551508486323e+00 2.963592685539157556e-01
1.920844757374515099e+00 2.895085263694803790e-01
1.927276316312313220e+00 2.828301068410088437e-01
1.926357522178341997e+00 2.765384966785838228e-01
1.923601139776428548e+00 2.705988647070636799e-01
1.931870286982168894e+00 2.650130441461927555e-01
1.931870286982168894e+00 2.582502965094836123e-01
1.931870286982168894e+00 2.529321260312799580e-01
1.938301845919967015e+00 2.469063327317778944e-01
1.937383051785995791e+00 2.412520719671199243e-01
1.942895816589822688e+00 2.357383580495246711e-01
1.945652198991736137e+00 2.314871214625014717e-01
1.949327375527621031e+00 2.290006644159875981e-01
1.959434111001303602e+00 2.277418535249041420e-01
1.956677728599390154e+00 2.274448719263281182e-01
1.970459640608957397e+00 2.269071274680012074e-01
1.981485170216611413e+00 2.265832586465088838e-01
1.978728787814697965e+00 2.265710371815469193e-01
1.992510699824265208e+00 2.268435758501989863e-01
2.003536229431919224e+00 2.269560133278492042e-01
2.015480553173544465e+00 2.271796661366533576e-01
2.011805376637659570e+00 2.285374708939288124e-01
2.026506082781198259e+00 2.300981519695731725e-01
2.022830906245313365e+00 2.330117492165081627e-01
2.036612818254881052e+00 2.350362348874594498e-01
2.047638347862534847e+00 2.371890459405114338e-01
2.059582671604160087e+00 2.418325915528140579e-01
2.069689407077842436e+00 2.430309061923357494e-01
2.069689407077842436e+00 2.474068017219711590e-01
2.075202171881669333e+00 2.500564153257274769e-01
2.081633730819467676e+00 2.539990599224608014e-01
2.077958554283582782e+00 2.598067000723915387e-01
2.091740466293150469e+00 2.630331668223531150e-01
2.091740466293150469e+00 2.672422393552575937e-01
2.097253231096977366e+00 2.718747856490943970e-01
2.102765995900804263e+00 2.763056777710586331e-01
2.100009613498890815e+00 2.829144349492469512e-01
2.109197554838602606e+00 2.858408647343919640e-01
2.120223084446256401e+00 2.917908849511298142e-01
2.116547907910371507e+00 2.950014637966407727e-01
2.131248614053910195e+00 2.999401577877751079e-01
2.127573437518025301e+00 3.044034367918885264e-01
2.142274143661563990e+00 3.068550626632607914e-01
2.138598967125679096e+00 3.088263849616274537e-01
2.152380879135246783e+00 3.127189215520166932e-01
2.149624496733333334e+00 3.141512772455601898e-01
2.164325202876872023e+00 3.167911136773469694e-01
2.160650026340987129e+00 3.194676145040196147e-01
2.174431938350554372e+00 3.225180921585287797e-01
2.171675555948640923e+00 3.247619531255474534e-01
2.186376262092179612e+00 3.286874876713340443e-01
2.197401791699833407e+00 3.317831847462024419e-01
2.193726615163948512e+00 3.359238170753197639e-01
2.208427321307487201e+00 3.376372664629886389e-01
2.218534056781169994e+00 3.400436729140016712e-01
2.229559586388823789e+00 3.405581965889007412e-01
2.240585115996477583e+00 3.407916265696744329e-01
2.246097880800304480e+00 3.411118289516781865e-01
2.251610645604131822e+00 3.379421920137897217e-01
2.262636175211785616e+00 3.357698266167986056e-01
2.259879792809872168e+00 3.320630562938314267e-01
2.269067734149583515e+00 3.292728958430123920e-01
2.273661704819439411e+00 3.252233134278617599e-01
2.276418087221352859e+00 3.217310298149772541e-01
2.279174469623266308e+00 3.177199450144569393e-01
2.281930852025179757e+00 3.152524312386340011e-01
2.284687234427093205e+00 3.117179835716306080e-01
2.287443616829006654e+00 3.095401185154066370e-01
2.290199999230920103e+00 3.058278485332064922e-01
2.292956381632833551e+00 3.031605138052552717e-01
2.295712764034747000e+00 2.988671131641132961e-01
2.298469146436660449e+00 2.950063523826251810e-01
2.302144322972545343e+00 2.896478510700470355e-01
2.309494676044314687e+00 2.849896396997899650e-01
2.312251058446228136e+00 2.789601799607993593e-01
2.318682617384026035e+00 2.741296459345785030e-01
2.326032970455795379e+00 2.681020194153321823e-01
2.328789352857708828e+00 2.626995208288908645e-01
2.334302117661535725e+00 2.581293040063600275e-01
2.339814882465362622e+00 2.530439524356820624e-01
2.339814882465362622e+00 2.495571684820303837e-01
2.345327647269189519e+00 2.450529475702943605e-01
2.348084029671102968e+00 2.419676387406435869e-01
2.350840412073016417e+00 2.393772992419528900e-01
2.353596794474929865e+00 2.371224389564683954e-01
2.356353176876843314e+00 2.344349388113299848e-01
2.359109559278756763e+00 2.309939853512857078e-01
2.364622324082584104e+00 2.260296262837312165e-01
2.367378706484497553e+00 2.220295408016766114e-01
2.373810265422295451e+00 2.164253880433626986e-01
2.383917000895978244e+00 2.124271357810524341e-01
2.383917000895978244e+00 2.073931143632147533e-01
2.394942530503632039e+00 2.044599627723406032e-01
2.392186148101718590e+00 2.022124353658333318e-01
2.405968060111285833e+00 2.004488779718202607e-01
2.403211677709372385e+00 1.989896350553604365e-01
2.416993589718940072e+00 1.973177386485621965e-01
2.414237207317026179e+00 1.957375032289787042e-01
2.428019119326593867e+00 1.938236218159332946e-01
2.439044648934247661e+00 1.919134068423764827e-01
2.436288266532334212e+00 1.897832054995041429e-01
2.450070178541901456e+00 1.876750027935633613e-01
2.450070178541901456e+00 1.857977857754039286e-01
2.461095708149555694e+00 1.835685905663392847e-01
2.461095708149555694e+00 1.810277480007445872e-01
2.472121237757209489e+00 1.780799306519160741e-01
2.472121237757209489e+00 1.746298110931503444e-01
2.480390384962949835e+00 1.705820618977439140e-01
