1.408205637533106014e+00 2.800595444923550836e+00
1.414562050699961882e+00 2.797506808788052357e+00
1.420918463866817749e+00 2.792564990971254879e+00
1.427274877033673617e+00 2.787623173154457401e+00
1.433631290200529484e+00 2.780828173656360480e+00
1.439987703367385352e+00 2.773415446931164485e+00
1.446344116534241220e+00 2.764767265751768566e+00
1.452700529701097087e+00 2.756736811799472608e+00
1.459056942867952955e+00 2.748706357847176651e+00
1.465413356034808823e+00 2.741293631121980212e+00
1.471769769201664690e+00 2.730792268261285294e+00
1.478126182368520336e+00 2.717819996492191859e+00
1.483423193340900337e+00 2.706700906404397422e+00
1.488720204313280115e+00 2.695581816316602985e+00
1.495076617480135983e+00 2.685698180683008029e+00
1.501433030646991851e+00 2.678903181184911109e+00
1.507789443813847718e+00 2.678903181184911109e+00
1.514145856980703586e+00 2.681374090093310070e+00
1.520502270147559454e+00 2.685080453455908067e+00
1.526858683314415099e+00 2.687551362364307028e+00
1.533215096481271189e+00 2.690022271272705545e+00
1.539571509648126835e+00 2.690022271272705545e+00
1.545927922814982702e+00 2.693728634635303987e+00
1.552284335981838570e+00 2.693728634635303987e+00
1.558640749148694438e+00 2.696199543543702504e+00
1.564997162315550305e+00 2.698052725225001947e+00
1.571353575482406173e+00 2.703612270268898943e+00
1.577709988649262041e+00 2.712260451448294862e+00
1.584066401816117686e+00 2.721526359854790300e+00
1.590422814982973776e+00 2.728939086579986295e+00
1.596779228149829422e+00 2.734498631623883735e+00
1.603135641316685289e+00 2.739440449440681213e+00
1.609492054483541157e+00 2.746235448938777690e+00
1.615848467650397025e+00 2.751794993982675130e+00
1.622204880817252892e+00 2.756736811799472608e+00
1.628561293984108760e+00 2.756736811799472608e+00
1.634917707150964628e+00 2.752412721209774649e+00
1.641274120317820495e+00 2.746235448938777690e+00
1.647630533484676363e+00 2.739440449440681213e+00
1.653986946651532008e+00 2.735734086078083216e+00
1.660343359818387876e+00 2.741911358349080174e+00
1.665640370790767877e+00 2.752103857596225112e+00
1.670937381763147656e+00 2.762296356843370049e+00
1.677293794930003523e+00 2.772179992476965005e+00
1.683650208096859391e+00 2.780210446429260962e+00
1.690006621263715259e+00 2.785769991473157958e+00
1.696363034430571126e+00 2.790094082062855918e+00
1.702719447597426994e+00 2.793800445425454360e+00
1.709075860764282861e+00 2.797506808788052357e+00
1.715432273931138507e+00 2.797506808788052357e+00
1.721788687097994375e+00 2.801213172150650355e+00
1.728145100264850242e+00 2.801213172150650355e+00
1.734501513431706110e+00 2.801213172150650355e+00
1.740857926598561978e+00 2.801213172150650355e+00
1.747214339765417845e+00 2.801213172150650355e+00
1.753570752932273713e+00 2.801213172150650355e+00
1.759927166099129359e+00 2.801213172150650355e+00
1.766283579265985448e+00 2.801213172150650355e+00
1.772639992432841094e+00 2.801213172150650355e+00
1.778996405599697184e+00 2.801213172150650355e+00
1.785352818766552829e+00 2.801213172150650355e+00
1.791709231933408697e+00 2.801213172150650355e+00
1.798065645100264565e+00 2.801213172150650355e+00
1.804422058267120432e+00 2.801213172150650355e+00
1.810778471433976300e+00 2.803066353831949797e+00
1.817134884600831946e+00 2.804919535513248796e+00
1.823491297767688035e+00 2.807390444421647313e+00
1.829847710934543681e+00 2.808625898875846794e+00
1.835144721906923682e+00 2.808625898875846794e+00
1.842560537268255416e+00 2.812332262238444791e+00
1.848916950435111284e+00 2.812332262238444791e+00
1.857392167990919107e+00 2.808625898875846794e+00
1.863748581157774975e+00 2.808625898875846794e+00
1.870104994324630843e+00 2.808625898875846794e+00
1.876461407491486710e+00 2.802448626604849835e+00
1.882817820658342356e+00 2.793182718198354397e+00
1.889174233825198446e+00 2.782681355337659923e+00
1.895530646992054091e+00 2.771562265249865042e+00
1.901887060158910181e+00 2.758589993480771607e+00
1.907184071131289960e+00 2.745617721711678172e+00
1.911421679909193649e+00 2.732645449942584737e+00
1.915659288687097561e+00 2.719673178173490857e+00
1.918837495270525606e+00 2.708554088085696421e+00
1.920956299659477562e+00 2.699288179679200983e+00
1.924134506242905385e+00 2.686315907910107548e+00
1.927312712826333430e+00 2.671490454459715114e+00
1.930490919409761474e+00 2.658518182690621234e+00
1.934728528187665386e+00 2.645545910921527799e+00
1.940025539160044943e+00 2.634426820833733363e+00
1.945322550132424944e+00 2.624234321586588425e+00
1.949560158910328855e+00 2.614041822339443488e+00
1.953797767688232767e+00 2.603849323092298551e+00
1.958035376466136679e+00 2.593656823845153614e+00
1.963332387438516680e+00 2.582537733757359177e+00
1.969688800605372325e+00 2.572036370896664259e+00
1.976045213772228193e+00 2.565859098625667301e+00
1.982401626939084061e+00 2.561535008035969341e+00
1.988758040105939928e+00 2.557828644673371343e+00
1.995114453272795796e+00 2.556593190219171863e+00
2.001470866439651441e+00 2.556593190219171863e+00
2.007827279606507531e+00 2.560299553581770304e+00
2.014183692773363177e+00 2.565859098625667301e+00
2.020540105940219267e+00 2.572654098123763777e+00
2.026896519107074912e+00 2.579449097621860698e+00
2.033252932273931002e+00 2.585008642665757694e+00
2.039609345440786647e+00 2.591185914936754653e+00
2.045965758607642293e+00 2.596127732753552131e+00
2.052322171774498383e+00 2.602305005024549089e+00
2.058678584941354028e+00 2.607246822841347011e+00
2.065034998108210118e+00 2.614041822339443488e+00
2.071391411275065764e+00 2.622690003518838964e+00
2.076688422247445764e+00 2.630720457471134921e+00
2.081985433219825765e+00 2.641839547558929802e+00
2.087282444192205766e+00 2.652958637646724238e+00
2.091520052970109234e+00 2.663151136893869175e+00
2.095757661748013145e+00 2.674270226981663612e+00
2.099995270525917057e+00 2.684462726228808549e+00
2.104232879303820969e+00 2.696508407157252485e+00
2.108470488081724881e+00 2.708554088085696421e+00
2.112708096859628792e+00 2.721526359854790300e+00
2.116945705637532704e+00 2.732645449942584737e+00
2.121183314415436616e+00 2.743764540030379173e+00
2.125420923193340528e+00 2.755810220958823109e+00
2.129658531971244440e+00 2.764149538524669047e+00
2.134955542943624440e+00 2.775268628612463484e+00
2.141311956110480086e+00 2.784534537018958922e+00
2.147668369277336176e+00 2.791329536517055399e+00
2.154024782444191821e+00 2.795035899879653840e+00
2.160381195611047467e+00 2.797506808788052357e+00
2.166737608777903557e+00 2.797506808788052357e+00
2.173094021944759646e+00 2.797506808788052357e+00
2.179450435111615292e+00 2.797506808788052357e+00
2.185806848278470937e+00 2.797506808788052357e+00
2.192163261445327027e+00 2.797506808788052357e+00
2.198519674612182673e+00 2.797506808788052357e+00
2.204876087779038762e+00 2.797506808788052357e+00
2.211232500945894408e+00 2.797506808788052357e+00
2.217588914112750054e+00 2.797506808788052357e+00
2.223945327279606143e+00 2.797506808788052357e+00
2.230301740446462233e+00 2.799359990469351356e+00
2.236658153613317879e+00 2.801213172150650355e+00
2.243014566780173524e+00 2.801213172150650355e+00
2.249370979947029614e+00 2.801213172150650355e+00
2.255727393113885260e+00 2.801213172150650355e+00
2.262083806280741349e+00 2.801213172150650355e+00
2.268440219447596995e+00 2.801213172150650355e+00
2.274796632614452641e+00 2.801213172150650355e+00
2.281153045781308730e+00 2.801213172150650355e+00
2.287509458948164820e+00 2.797506808788052357e+00
2.293865872115020466e+00 2.796271354333852877e+00
2.300222285281876111e+00 2.793800445425454360e+00
2.306578698448732201e+00 2.791329536517055399e+00
2.312935111615588291e+00 2.787623173154457401e+00
2.319291524782443936e+00 2.785152264246058440e+00
2.325647937949299582e+00 2.781445900883460443e+00
2.332004351116155227e+00 2.777739537520862001e+00
2.338360764283011317e+00 2.774033174158264003e+00
2.344717177449867407e+00 2.769091356341466525e+00
2.351073590616723052e+00 2.762914084070469567e+00
2.357430003783578698e+00 2.759207720707871569e+00
2.363786416950434788e+00 2.754265902891073647e+00
2.370142830117290877e+00 2.750559539528475650e+00
2.376499243284146523e+00 2.746235448938777690e+00
2.382855656451002169e+00 2.741911358349080174e+00
2.389212069617857814e+00 2.738204994986481733e+00
2.395568482784713904e+00 2.734498631623883735e+00
2.401924895951569994e+00 2.732027722715484774e+00
2.408281309118425639e+00 2.730792268261285294e+00
2.414637722285281285e+00 2.727085904898687296e+00
2.420994135452137375e+00 2.724614995990288335e+00
2.427350548618993464e+00 2.723379541536089299e+00
2.433706961785849110e+00 2.723379541536089299e+00
2.440063374952704756e+00 2.723379541536089299e+00
2.446419788119560401e+00 2.723379541536089299e+00
2.452776201286416491e+00 2.723379541536089299e+00
2.459132614453272581e+00 2.721526359854790300e+00
2.465489027620128226e+00 2.719673178173490857e+00
2.471845440786983872e+00 2.715966814810892860e+00
2.478201853953839962e+00 2.713495905902493899e+00
2.484558267120696051e+00 2.712260451448294862e+00
2.490914680287551697e+00 2.706083179177297904e+00
