NaOH brine, frozen & cushed NIR reflectance spectra at at 77K digitized from Brown & Hand (2013)
Grain size b/w <63 um - 600 um (unclear which grain size bin is plotted)
Digitized 2/28/2021 by Ryleigh Davis
Wavelength (um)          Relative Reflectance (1 at 1.8 um)
1.401849224366250368e+00 1.893585013055003152e+00
1.406086833144154280e+00 1.871346832879414279e+00
1.406086833144154280e+00 1.849108652703824962e+00
1.406086833144154280e+00 1.826870472528236089e+00
1.407675936435868191e+00 1.800925928990049218e+00
1.408205637533106014e+00 1.782394112177058343e+00
1.408205637533106014e+00 1.771275022089263906e+00
1.408205637533106014e+00 1.760155932001469470e+00
1.408205637533106014e+00 1.737917751825880597e+00
1.410324441922058192e+00 1.678615938024309973e+00
1.412443246311009926e+00 1.615607760860141351e+00
1.414562050699961882e+00 1.563718673783766722e+00
1.414562050699961882e+00 1.541480493608177849e+00
1.416680855088913837e+00 1.519242313432588976e+00
1.418799659477865793e+00 1.478472316444009227e+00
1.421977866061293838e+00 1.463646862993616349e+00
1.426215474839197750e+00 1.448821409543223915e+00
1.429393681422625573e+00 1.433995956092831481e+00
1.431512485811577529e+00 1.422876866005036600e+00
1.431512485811577529e+00 1.413610957598541606e+00
1.433631290200529484e+00 1.404345049192045725e+00
1.433631290200529484e+00 1.395079140785550731e+00
1.435750094589481440e+00 1.382106869016457296e+00
1.435750094589481440e+00 1.370987778928662415e+00
1.437868898978433396e+00 1.359868688840867978e+00
1.437868898978433396e+00 1.348749598753073542e+00
1.439987703367385352e+00 1.319098691852288230e+00
1.442106507756337308e+00 1.307979601764493793e+00
1.442106507756337308e+00 1.293154148314101359e+00
1.444225312145289264e+00 1.282035058226306923e+00
1.444225312145289264e+00 1.267209604775914045e+00
1.446344116534241220e+00 1.252384151325521611e+00
1.446344116534241220e+00 1.237558697875128733e+00
1.448462920923193176e+00 1.226439607787334296e+00
1.448462920923193176e+00 1.211614154336941862e+00
1.450581725312145132e+00 1.196788700886548984e+00
1.450581725312145132e+00 1.181963247436156550e+00
1.452700529701097087e+00 1.170844157348362113e+00
1.452700529701097087e+00 1.156018703897969235e+00
1.454819334090049043e+00 1.144899613810174799e+00
1.454819334090049043e+00 1.130074160359782365e+00
1.456938138479000999e+00 1.118955070271987484e+00
1.456938138479000999e+00 1.104129616821595050e+00
1.459056942867952955e+00 1.089304163371202616e+00
1.459056942867952955e+00 1.078185073283407736e+00
1.461175747256904911e+00 1.067065983195613299e+00
1.461175747256904911e+00 1.052240529745220865e+00
1.463294551645856867e+00 1.041121439657426428e+00
1.463294551645856867e+00 1.030002349569631992e+00
1.465413356034808823e+00 1.018883259481837555e+00
1.465413356034808823e+00 1.004057806031444677e+00
1.467532160423760779e+00 9.929387159436501298e-01
1.467532160423760779e+00 9.818196258558556933e-01
1.469650964812712512e+00 9.707005357680612567e-01
1.469650964812712512e+00 9.614346273615658189e-01
1.471769769201664690e+00 9.521687189550703811e-01
1.471769769201664690e+00 9.410496288672759446e-01
1.473888573590616424e+00 9.299305387794815081e-01
1.473888573590616424e+00 9.206646303729860703e-01
1.476007377979568380e+00 9.113987219664906325e-01
1.476007377979568380e+00 9.021328135599951947e-01
1.478126182368520336e+00 8.928669051534999790e-01
1.478126182368520336e+00 8.836009967470045412e-01
1.480244986757472292e+00 8.706287249779108839e-01
1.482363791146424248e+00 8.595096348901164474e-01
1.482363791146424248e+00 8.502437264836210096e-01
1.484482595535376204e+00 8.409778180771255718e-01
1.486601399924328160e+00 8.261523646267329157e-01
1.488720204313280115e+00 8.150332745389384792e-01
1.491898410896708160e+00 8.002078210885458232e-01
1.496136019674612072e+00 7.853823676381531671e-01
1.501433030646991851e+00 7.767341864587576916e-01
1.507789443813847718e+00 7.742632775503587306e-01
1.514145856980703586e+00 7.792050953671562086e-01
1.520502270147559454e+00 7.841469131839539086e-01
1.526858683314415099e+00 7.903241854549506451e-01
1.533215096481271189e+00 7.952660032717483451e-01
1.539571509648126835e+00 7.989723666343465647e-01
1.545927922814982702e+00 8.039141844511440427e-01
1.552284335981838570e+00 8.076205478137422622e-01
1.558640749148694438e+00 8.125623656305397402e-01
1.564997162315550305e+00 8.187396379015366987e-01
1.570294173287930084e+00 8.298587279893311353e-01
1.574531782065833996e+00 8.428309997584247926e-01
1.578769390843737908e+00 8.558032715275182278e-01
1.583006999621641819e+00 8.706287249779108839e-01
1.587244608399545731e+00 8.854541784283035399e-01
1.591482217177449643e+00 9.002796318786961960e-01
1.595719825955353555e+00 9.151050853290888520e-01
1.599957434733257466e+00 9.290039479388320087e-01
1.604195043511161378e+00 9.429028105485751654e-01
1.609492054483541157e+00 9.540219006363696019e-01
1.615848467650397025e+00 9.626700818157650774e-01
1.622204880817252892e+00 9.632878090428650397e-01
1.628561293984108760e+00 9.558750823176686007e-01
1.633858304956488539e+00 9.447559922298741641e-01
1.638095913734392450e+00 9.345634929827292270e-01
1.643392924706772451e+00 9.225178120542850690e-01
1.649749337873628097e+00 9.194291759187868118e-01
1.655046348846008097e+00 9.280773570981825094e-01
1.659283957623912009e+00 9.447559922298741641e-01
1.662462164207339832e+00 9.595814456802668202e-01
1.664580968596291788e+00 9.707005357680612567e-01
1.666699772985243744e+00 9.799664441745566945e-01
1.668818577374195700e+00 9.892323525810521323e-01
1.671996783957623744e+00 1.002204624350145679e+00
1.676234392735527656e+00 1.017030077800538113e+00
1.680472001513431568e+00 1.030928940410281491e+00
1.685769012485811347e+00 1.042974621338725427e+00
1.692125425652667214e+00 1.054093711426519864e+00
1.698481838819523082e+00 1.062124165378815821e+00
1.704838251986378950e+00 1.068919164876912298e+00
1.711194665153234595e+00 1.073243255466610258e+00
1.717551078320090685e+00 1.074478709920809738e+00
1.723907491486946331e+00 1.074478709920809738e+00
1.730263904653802198e+00 1.069536892104012260e+00
1.736620317820658066e+00 1.064595074287214782e+00
1.742976730987513934e+00 1.056564620334918825e+00
1.749333144154369801e+00 1.048534166382622423e+00
1.755689557321225669e+00 1.040503712430326466e+00
1.762045970488081537e+00 1.032473258478030509e+00
1.768402383654937182e+00 1.026295986207033550e+00
1.774758796821793272e+00 1.020118713936036592e+00
1.781115209988648918e+00 1.015176896119239114e+00
1.787471623155504785e+00 1.010235078302441636e+00
1.793828036322360653e+00 1.006528714939843638e+00
1.800184449489216520e+00 1.001586897123045716e+00
1.806540862656072388e+00 9.966450793062483493e-01
1.812897275822928256e+00 9.917032614894508713e-01
1.819253688989784123e+00 9.873791708997529115e-01
1.825610102156639769e+00 9.818196258558556933e-01
1.831966515323495859e+00 9.793487169474569543e-01
1.838322928490351504e+00 9.719359902222605152e-01
1.843619939462731505e+00 9.614346273615658189e-01
1.847857548240635417e+00 9.521687189550703811e-01
1.852095157018539329e+00 9.391964471859769459e-01
1.856332765796443240e+00 9.243709937355842898e-01
1.860570374574347152e+00 9.076923586038926350e-01
1.863748581157774975e+00 8.928669051534999790e-01
1.865867385546726931e+00 8.817478150657053204e-01
1.867986189935678887e+00 8.706287249779108839e-01
1.870104994324630843e+00 8.558032715275182278e-01
1.872223798713582799e+00 8.446841814397237913e-01
1.874342603102534754e+00 8.298587279893311353e-01
1.876461407491486710e+00 8.113269111763402597e-01
1.878580211880438444e+00 7.965014577259478257e-01
1.880699016269390622e+00 7.816760042755551696e-01
1.882817820658342356e+00 7.705569141877605110e-01
1.882817820658342356e+00 7.612910057812652953e-01
1.884936625047294534e+00 7.483187340121716380e-01
1.887055429436246268e+00 7.371996439243772015e-01
1.887055429436246268e+00 7.279337355178817637e-01
1.889174233825198446e+00 7.149614637487881064e-01
1.891293038214150179e+00 7.001360102983954503e-01
1.893411842603102357e+00 6.853105568480027943e-01
1.895530646992054091e+00 6.741914667602083577e-01
1.897649451381006269e+00 6.630723766724139212e-01
1.899768255769958003e+00 6.482469232220212652e-01
1.901887060158910181e+00 6.389810148155258274e-01
1.904005864547861915e+00 6.297151064090303896e-01
1.906124668936814093e+00 6.185960163212359531e-01
1.909302875520241916e+00 6.056237445521425178e-01
1.912481082103669738e+00 5.926514727830488605e-01
1.915659288687097561e+00 5.796792010139554252e-01
1.919896897465001473e+00 5.648537475635627692e-01
1.924134506242905385e+00 5.518814757944691118e-01
1.928372115020809296e+00 5.398357948660251759e-01
1.932609723798713208e+00 5.296432956188802388e-01
1.936847332576617120e+00 5.203773872123848010e-01
1.942144343548997121e+00 5.092582971245903645e-01
1.948500756715852766e+00 4.999923887180949267e-01
1.954857169882708856e+00 4.913442075386990071e-01
1.961213583049564502e+00 4.839314808135027901e-01
1.967569996216420369e+00 4.796073902238050524e-01
1.973926409383276237e+00 4.752832996341073146e-01
1.980282822550132105e+00 4.703414818173096146e-01
1.986639235716987972e+00 4.666351184547113951e-01
1.992995648883843840e+00 4.641642095463128781e-01
1.999352062050699708e+00 4.629287550921131755e-01
2.005708475217555353e+00 4.629287550921131755e-01
2.012064888384411443e+00 4.629287550921131755e-01
2.018421301551267089e+00 4.629287550921131755e-01
2.024777714718123178e+00 4.629287550921131755e-01
2.031134127884978824e+00 4.666351184547113951e-01
2.037490541051834469e+00 4.666351184547113951e-01
2.043846954218690559e+00 4.691060273631101341e-01
2.050203367385546649e+00 4.703414818173096146e-01
2.056559780552402295e+00 4.740478451799078341e-01
2.062916193719257940e+00 4.765187540883063511e-01
2.069272606886114030e+00 4.802251174509045706e-01
2.075629020052969675e+00 4.851669352677022706e-01
2.081985433219825765e+00 4.913442075386990071e-01
2.088341846386681411e+00 4.993746614909954085e-01
2.094698259553537056e+00 5.074051154432911437e-01
2.101054672720393146e+00 5.185242055310855802e-01
2.106351683692773147e+00 5.268635230969315186e-01
2.111648694665152703e+00 5.370560223440764558e-01
2.118005107832008793e+00 5.481751124318708923e-01
2.124361520998864439e+00 5.592942025196655509e-01
2.130717934165720528e+00 5.691778381532605069e-01
2.137074347332576174e+00 5.778260193326562044e-01
2.143430760499432264e+00 5.858564732849523837e-01
2.149787173666287909e+00 5.914160183288496020e-01
2.156143586833143999e+00 5.963578361456470800e-01
2.162499999999999645e+00 6.000641995082452995e-01
2.168856413166855290e+00 6.025351084166440385e-01
2.175212826333711380e+00 6.037705628708432970e-01
2.181569239500567026e+00 6.037705628708432970e-01
2.187925652667423115e+00 6.037705628708432970e-01
2.194282065834278761e+00 6.074769262334415165e-01
2.200638479001134851e+00 6.074769262334415165e-01
2.206994892167990496e+00 6.074769262334415165e-01
2.213351305334846586e+00 6.074769262334415165e-01
2.219707718501702232e+00 6.074769262334415165e-01
2.226064131668557877e+00 6.074769262334415165e-01
2.232420544835413967e+00 6.074769262334415165e-01
2.238776958002270057e+00 6.074769262334415165e-01
2.245133371169125702e+00 6.037705628708432970e-01
2.251489784335981348e+00 6.037705628708432970e-01
2.257846197502836993e+00 6.000641995082452995e-01
2.264202610669693083e+00 5.969755633727468203e-01
2.270559023836549173e+00 5.926514727830488605e-01
2.276915437003404818e+00 5.870919277391516422e-01
2.283271850170260464e+00 5.815323826952544239e-01
2.289628263337116554e+00 5.759728376513572057e-01
2.295984676503972644e+00 5.691778381532605069e-01
2.302341089670828289e+00 5.617651114280642899e-01
2.308697502837683935e+00 5.537346574757681106e-01
2.315053916004539580e+00 5.469396579776716338e-01
2.321410329171395670e+00 5.382914767982757143e-01
2.327766742338251760e+00 5.308787500730797193e-01
2.334123155505107405e+00 5.247014778020825387e-01
2.340479568671963051e+00 5.172887510768860997e-01
2.346835981838819141e+00 5.092582971245903645e-01
2.353192395005675230e+00 5.018455703993939254e-01
2.359548808172530876e+00 4.950505709012972266e-01
2.365905221339386522e+00 4.882555714032007499e-01
2.372261634506242611e+00 4.814605719051040511e-01
2.378618047673098257e+00 4.759010268612068328e-01
2.384974460839954347e+00 4.703414818173096146e-01
2.391330874006809992e+00 4.647819367734123963e-01
2.397687287173665638e+00 4.579869372753154755e-01
2.404043700340521728e+00 4.511919377772192208e-01
2.410400113507377817e+00 4.456323927333220025e-01
2.416756526674233463e+00 4.394551204623248220e-01
2.423112939841089108e+00 4.320423937371283829e-01
2.429469353007945198e+00 4.252473942390319062e-01
2.435825766174800844e+00 4.184523947409354294e-01
2.442182179341656934e+00 4.128928496970379891e-01
2.448538592508512579e+00 4.091864863344399916e-01
2.454895005675368225e+00 4.023914868363430708e-01
2.461251418842224314e+00 3.968319417924460746e-01
2.467607832009080404e+00 3.925078512027481148e-01
2.473964245175936050e+00 3.937433056569475953e-01
2.480850359440029962e+00 3.901913741011245884e-01
2.486677071509647785e+00 3.863305789317516004e-01
2.493033484676503875e+00 3.844773972504521575e-01
